PA00275|SAI001145|20230101|20230101|09003|02|02|1842194.87|1842194.87|0.00|5118.23|0.00|20230107|16|20230103|0.00|0.00|;
PA00280|SAI001163|20230102|20230102|09007|02|02|84228.89|84228.89|0.00|6106.76|0.00|20230102|16|20230105|0.00|0.00|;
PA00302|SAI001175|20230103|20230103|09015|02|02|451576.89|451576.89|0.00|2332.30|0.00|20230107|16|20230103|0.00|0.00|;
PA00313|SAI001179|20230107|20230107|09016|01|02|761174.33|761174.33|0.00|4834.25|0.00|20230113|06|20230109|0.00|0.00|;
PA00313|SAI001203|20230107|20230107|09012|01|01|240364.58|240364.58|0.00|3117.17|0.00|20230111|14|20230109|0.00|0.00|;
PA00316|SAI001214|20230107|20230107|09008|02|02|824397.21|824397.21|0.00|1197.09|0.00|20230111|15|20230108|0.00|0.00|;
PA00336|SAI001222|20230109|20230109|09007|02|02|1037068.08|1037068.08|0.00|6696.91|0.00|20230115|15|20230111|0.00|0.00|;
PA00351|SAI001244|20230112|20230112|09010|02|02|1054889.03|1054889.03|0.00|3738.98|0.00|20230115|16|20230113|0.00|0.00|;
PA00371|SAI001267|20230114|20230114|09016|02|02|1134846.98|1134846.98|0.00|6969.54|0.00|20230118|16|20230117|0.00|0.00|;
PA00383|SAI001286|20230115|20230115|09008|01|01|201730.06|201730.06|0.00|811.01|0.00|20230118|06|20230115|0.00|0.00|;
PA00389|SAI001305|20230118|20230118|09017|02|02|1170115.30|1170115.30|0.00|4423.42|0.00|20230123|16|20230118|0.00|0.00|;
PA00422|SAI001313|20230119|20230119|09013|02|02|376552.31|376552.31|0.00|2898.01|0.00|20230121|15|20230121|0.00|0.00|;
PA00471|SAI001332|20230119|20230119|09008|02|02|1001689.80|1001689.80|0.00|7539.68|0.00|20230126|16|20230119|0.00|0.00|;
PA00475|SAI001349|20230120|20230120|09012|01|01|208358.69|208358.69|0.00|4260.16|0.00|20230123|06|20230122|0.00|0.00|;
PA00524|SAI001361|20230120|20230120|09014|02|02|452375.96|452375.96|0.00|6889.02|0.00|20230123|15|20230121|0.00|0.00|;
PA00554|SAI001372|20230121|20230121|09007|02|02|739667.53|739667.53|0.00|5239.23|0.00|20230127|16|20230121|0.00|0.00|;
PA00570|SAI001395|20230123|20230123|09017|01|01|77962.72|77962.72|0.00|9865.39|0.00|20230125|14|20230124|0.00|0.00|;
PA00593|SAI001402|20230124|20230124|09007|02|02|1920286.13|1920286.13|0.00|3775.47|0.00|20230131|15|20230126|0.00|0.00|;
PA00598|SAI001421|20230124|20230124|09005|02|02|517385.47|517385.47|0.00|362.89|0.00|20230129|15|20230124|0.00|0.00|;
PA00642|SAI001427|20230125|20230125|09015|02|02|383149.39|383149.39|0.00|9848.64|0.00|20230131|15|20230127|0.00|0.00|;
PA00650|SAI001438|20230129|20230129|09005|02|02|1074978.41|1074978.41|0.00|1216.94|0.00|20230204|15|20230130|0.00|0.00|;
PA00698|SAI001444|20230129|20230129|09009|01|01|189925.12|189925.12|0.00|5460.22|0.00|20230203|06|20230130|0.00|0.00|;
PA00702|SAI001445|20230130|20230130|09009|02|02|1925777.59|1925777.59|0.00|3348.53|0.00|20230205|16|20230201|0.00|0.00|;
PA00730|SAI001455|20230201|20230201|09008|02|02|295531.40|295531.40|0.00|6870.75|0.00|20230203|15|20230203|0.00|0.00|;
PA00778|SAI001468|20230201|20230201|09007|02|02|374818.18|374818.18|0.00|6250.01|0.00|20230203|15|20230203|0.00|0.00|;
PA00803|SAI001483|20230203|20230203|09014|01|02|1388518.52|1388518.52|0.00|6633.87|0.00|20230208|14|20230205|0.00|0.00|;
PA00844|SAI001494|20230204|20230204|09017|01|01|64478.21|64478.21|0.00|5235.53|0.00|20230207|14|20230206|0.00|0.00|;
PA00872|SAI001513|20230204|20230204|09007|02|02|974811.53|974811.53|0.00|590.68|0.00|20230208|16|20230204|0.00|0.00|;
PA00905|SAI001514|20230205|20230205|09014|02|02|672680.45|672680.45|0.00|3733.04|0.00|20230205|15|20230205|0.00|0.00|;
PA00929|SAI001538|20230205|20230205|09006|02|02|163203.10|163203.10|0.00|5253.61|0.00|20230209|15|20230208|0.00|0.00|;
PA00938|SAI001539|20230206|20230206|09008|02|02|795632.42|795632.42|0.00|9941.34|0.00|20230207|16|20230207|0.00|0.00|;
PA00955|SAI001550|20230206|20230206|09003|02|02|159617.78|159617.78|0.00|4203.79|0.00|20230208|16|20230209|0.00|0.00|;
PA00977|SAI001568|20230207|20230207|09005|01|01|42082.55|42082.55|0.00|1215.23|0.00|20230213|06|20230208|0.00|0.00|;
PA00999|SAI001575|20230209|20230209|09008|01|01|331664.75|331664.75|0.00|3144.25|0.00|20230210|06|20230211|0.00|0.00|;
PA01025|SAI001585|20230210|20230210|09002|02|02|5489.62|5489.62|0.00|1135.61|0.00|20230211|15|20230212|0.00|0.00|;
PA01039|SAI001598|20230210|20230210|09004|02|02|560538.82|560538.82|0.00|1130.43|0.00|20230213|16|20230210|0.00|0.00|;
PA01045|SAI001599|20230211|20230211|09005|01|01|34815.69|34815.69|0.00|7704.91|0.00|20230218|14|20230212|0.00|0.00|;
PA01063|SAI001620|20230212|20230212|09007|02|02|347864.23|347864.23|0.00|4645.92|0.00|20230213|16|20230213|0.00|0.00|;
PA01093|SAI001633|20230216|20230216|09016|02|02|1199108.96|1199108.96|0.00|9390.40|0.00|20230217|15|20230218|0.00|0.00|;
PA01100|SAI001642|20230217|20230217|09008|02|02|269240.76|269240.76|0.00|7554.61|0.00|20230217|16|20230217|0.00|0.00|;
PA01133|SAI001663|20230218|20230218|09014|01|01|146332.99|146332.99|0.00|7355.41|0.00|20230221|06|20230219|0.00|0.00|;
PA01160|SAI001675|20230219|20230219|09007|02|02|189846.16|189846.16|0.00|7071.77|0.00|20230223|15|20230221|0.00|0.00|;
PA01192|SAI001696|20230221|20230221|09004|02|02|8245.05|8245.05|0.00|8610.30|0.00|20230223|16|20230222|0.00|0.00|;
PA01242|SAI001699|20230221|20230221|09003|02|02|574381.87|574381.87|0.00|5143.26|0.00|20230228|16|20230223|0.00|0.00|;
PA01269|SAI001700|20230222|20230222|09006|02|02|137797.77|137797.77|0.00|862.61|0.00|20230228|15|20230223|0.00|0.00|;
PA01309|SAI001717|20230225|20230225|09007|01|01|17484.88|17484.88|0.00|3068.21|0.00|20230228|14|20230227|0.00|0.00|;
PA01356|SAI001724|20230225|20230225|09016|01|01|41742.89|41742.89|0.00|6717.66|0.00|20230304|06|20230226|0.00|0.00|;
PA01394|SAI001740|20230225|20230225|09008|01|01|272293.28|272293.28|0.00|214.20|0.00|20230226|14|20230227|0.00|0.00|;
PA01406|SAI001764|20230226|20230226|09015|02|02|658794.24|658794.24|0.00|9841.70|0.00|20230228|16|20230228|0.00|0.00|;
PA01446|SAI001770|20230227|20230227|09003|01|02|1096179.76|1096179.76|0.00|4364.79|0.00|20230303|14|20230228|0.00|0.00|;
PA01487|SAI001776|20230304|20230304|09012|01|01|40158.99|40158.99|0.00|1380.41|0.00|20230306|06|20230304|0.00|0.00|;
PA01514|SAI001780|20230305|20230305|09016|02|02|479899.17|479899.17|0.00|3216.81|0.00|20230305|15|20230308|0.00|0.00|;
PA01562|SAI001783|20230306|20230306|09007|02|02|1809971.55|1809971.55|0.00|9620.93|0.00|20230310|15|20230308|0.00|0.00|;
PA01607|SAI001791|20230308|20230308|09015|01|01|197548.77|197548.77|0.00|3356.78|0.00|20230311|06|20230310|0.00|0.00|;
PA01639|SAI001803|20230309|20230309|09002|02|02|190034.33|190034.33|0.00|8036.14|0.00|20230310|16|20230311|0.00|0.00|;
PA01656|SAI001804|20230310|20230310|09002|02|02|3218638.29|3218638.29|0.00|1428.36|0.00|20230316|16|20230311|0.00|0.00|;
PA01679|SAI001812|20230310|20230310|09013|01|01|69172.43|69172.43|0.00|8250.32|0.00|20230315|14|20230311|0.00|0.00|;
PA01691|SAI001814|20230310|20230310|09013|01|01|93141.39|93141.39|0.00|563.09|0.00|20230316|14|20230313|0.00|0.00|;
PA01702|SAI001821|20230310|20230310|09009|01|01|115269.58|115269.58|0.00|8771.63|0.00|20230317|06|20230311|0.00|0.00|;
PA01704|SAI001831|20230311|20230311|09009|02|02|671354.92|671354.92|0.00|4851.42|0.00|20230317|16|20230312|0.00|0.00|;
PA01713|SAI001854|20230311|20230311|09014|02|02|311727.96|311727.96|0.00|1538.16|0.00|20230311|15|20230312|0.00|0.00|;
PA01717|SAI001864|20230313|20230313|09012|02|02|807852.22|807852.22|0.00|387.31|0.00|20230314|15|20230315|0.00|0.00|;
PA01754|SAI001875|20230314|20230314|09013|01|02|984955.60|984955.60|0.00|815.83|0.00|20230318|14|20230316|0.00|0.00|;
PA01800|SAI001881|20230314|20230314|09008|01|01|66778.21|66778.21|0.00|6797.42|0.00|20230321|06|20230314|0.00|0.00|;
PA01825|SAI001893|20230315|20230315|09013|01|01|91811.11|91811.11|0.00|1228.94|0.00|20230321|14|20230315|0.00|0.00|;
PA01834|SAI001911|20230315|20230315|09005|02|02|2495580.27|2495580.27|0.00|2422.05|0.00|20230319|16|20230316|0.00|0.00|;
PA01869|SAI001925|20230317|20230317|09009|01|01|133529.39|133529.39|0.00|5473.71|0.00|20230319|06|20230318|0.00|0.00|;
PA01906|SAI001925|20230317|20230317|09003|01|02|712289.76|712289.76|0.00|4539.30|0.00|20230318|06|20230318|0.00|0.00|;
PA01940|SAI001929|20230318|20230318|09007|01|01|68858.32|68858.32|0.00|9564.16|0.00|20230319|06|20230321|0.00|0.00|;
PA01956|SAI001951|20230318|20230318|09003|01|01|34221.91|34221.91|0.00|6120.26|0.00|20230323|14|20230319|0.00|0.00|;
PA01959|SAI001973|20230319|20230319|09014|02|02|362705.34|362705.34|0.00|5167.66|0.00|20230323|16|20230320|0.00|0.00|;
PA01968|SAI001997|20230319|20230319|09013|02|02|1038195.96|1038195.96|0.00|7769.89|0.00|20230326|16|20230322|0.00|0.00|;
PA01984|SAI002005|20230320|20230320|09012|02|02|1865346.40|1865346.40|0.00|6692.61|0.00|20230321|16|20230323|0.00|0.00|;
PA02023|SAI002017|20230321|20230321|09016|02|02|526630.89|526630.89|0.00|8668.32|0.00|20230327|15|20230323|0.00|0.00|;
PA02049|SAI002019|20230321|20230321|09006|02|02|562927.49|562927.49|0.00|6748.89|0.00|20230328|15|20230321|0.00|0.00|;
PA02077|SAI002028|20230322|20230322|09006|01|01|189597.88|189597.88|0.00|8449.11|0.00|20230328|06|20230323|0.00|0.00|;
PA02125|SAI002051|20230325|20230325|09013|02|02|1437714.98|1437714.98|0.00|3401.12|0.00|20230327|16|20230325|0.00|0.00|;
PA02157|SAI002065|20230325|20230325|09017|02|02|302370.01|302370.01|0.00|6828.06|0.00|20230329|15|20230327|0.00|0.00|;
PA02171|SAI002069|20230326|20230326|09012|02|02|731123.65|731123.65|0.00|6710.48|0.00|20230330|15|20230327|0.00|0.00|;
PA02198|SAI002092|20230326|20230326|09011|02|02|1382517.56|1382517.56|0.00|5630.25|0.00|20230330|16|20230326|0.00|0.00|;
PA02221|SAI002110|20230326|20230326|09005|02|02|671222.99|671222.99|0.00|1515.34|0.00|20230402|15|20230328|0.00|0.00|;
PA02233|SAI002122|20230326|20230326|09008|02|02|1731611.53|1731611.53|0.00|8878.75|0.00|20230401|16|20230328|0.00|0.00|;
PA02252|SAI002144|20230328|20230328|09005|01|02|715141.28|715141.28|0.00|5130.88|0.00|20230403|14|20230330|0.00|0.00|;
PA02293|SAI002168|20230329|20230329|09013|01|01|41182.67|41182.67|0.00|1843.85|0.00|20230402|14|20230330|0.00|0.00|;
PA02325|SAI002171|20230331|20230331|09007|01|01|103331.71|103331.71|0.00|5480.36|0.00|20230401|14|20230331|0.00|0.00|;
PA02362|SAI002187|20230331|20230331|09009|01|01|156401.56|156401.56|0.00|878.29|0.00|20230405|14|20230403|0.00|0.00|;
PA02366|SAI002203|20230403|20230403|09011|02|02|497944.84|497944.84|0.00|8414.69|0.00|20230406|15|20230406|0.00|0.00|;
PA02393|SAI002205|20230405|20230405|09009|02|02|1262027.75|1262027.75|0.00|182.43|0.00|20230408|16|20230405|0.00|0.00|;
PA02421|SAI002218|20230405|20230405|09016|01|01|57252.15|57252.15|0.00|5376.06|0.00|20230410|06|20230408|0.00|0.00|;
PA02433|SAI002230|20230405|20230405|09002|01|02|698454.52|698454.52|0.00|2980.51|0.00|20230406|06|20230405|0.00|0.00|;
PA02452|SAI002233|20230405|20230405|09006|02|02|80301.93|80301.93|0.00|6807.29|0.00|20230406|16|20230407|0.00|0.00|;
PA02488|SAI002243|20230406|20230406|09010|02|02|178315.86|178315.86|0.00|397.23|0.00|20230413|15|20230408|0.00|0.00|;
PA02500|SAI002249|20230407|20230407|09009|01|02|1409294.02|1409294.02|0.00|7983.92|0.00|20230411|14|20230410|0.00|0.00|;
PA02512|SAI002269|20230408|20230408|09012|02|02|565921.25|565921.25|0.00|2237.38|0.00|20230408|16|20230410|0.00|0.00|;
PA02534|SAI002280|20230410|20230410|09016|02|02|83331.97|83331.97|0.00|8369.65|0.00|20230413|15|20230413|0.00|0.00|;
PA02566|SAI002286|20230412|20230412|09010|02|02|1136122.62|1136122.62|0.00|336.98|0.00|20230418|16|20230413|0.00|0.00|;
PA02600|SAI002311|20230416|20230416|09006|02|02|1359073.48|1359073.48|0.00|5314.31|0.00|20230417|15|20230417|0.00|0.00|;
PA02616|SAI002330|20230417|20230417|09014|02|02|138002.41|138002.41|0.00|3441.17|0.00|20230422|15|20230418|0.00|0.00|;
PA02626|SAI002343|20230418|20230418|09009|01|01|108044.40|108044.40|0.00|4318.02|0.00|20230419|14|20230419|0.00|0.00|;
PA02667|SAI002351|20230418|20230418|09008|02|02|1089316.82|1089316.82|0.00|72.18|0.00|20230421|15|20230418|0.00|0.00|;
PA02670|SAI002364|20230420|20230420|09003|01|01|51557.91|51557.91|0.00|1343.36|0.00|20230421|14|20230420|0.00|0.00|;
PA02719|SAI002375|20230421|20230421|09012|02|02|1336485.36|1336485.36|0.00|2867.84|0.00|20230422|16|20230424|0.00|0.00|;
PA02767|SAI002393|20230423|20230423|09003|02|02|103031.64|103031.64|0.00|3055.79|0.00|20230425|15|20230426|0.00|0.00|;
PA02806|SAI002415|20230423|20230423|09008|01|01|42494.57|42494.57|0.00|352.85|0.00|20230429|06|20230425|0.00|0.00|;
PA02848|SAI002434|20230423|20230423|09016|02|02|227689.31|227689.31|0.00|5075.42|0.00|20230425|15|20230424|0.00|0.00|;
PA02851|SAI002434|20230424|20230424|09014|02|02|1170499.05|1170499.05|0.00|9456.17|0.00|20230501|15|20230426|0.00|0.00|;
PA02878|SAI002449|20230424|20230424|09014|02|02|1051858.76|1051858.76|0.00|6752.87|0.00|20230426|16|20230427|0.00|0.00|;
PA02889|SAI002471|20230425|20230425|09010|02|02|1635852.88|1635852.88|0.00|6536.51|0.00|20230429|15|20230427|0.00|0.00|;
PA02924|SAI002494|20230426|20230426|09017|02|02|599379.31|599379.31|0.00|4012.03|0.00|20230501|15|20230428|0.00|0.00|;
PA02929|SAI002512|20230426|20230426|09015|02|02|173758.90|173758.90|0.00|7985.02|0.00|20230427|15|20230428|0.00|0.00|;
PA02959|SAI002516|20230427|20230427|09007|01|01|167381.73|167381.73|0.00|6121.41|0.00|20230503|06|20230429|0.00|0.00|;
PA02959|SAI002540|20230501|20230501|09009|02|02|7068460.95|7068460.95|0.00|2902.82|0.00|20230504|15|20230504|0.00|0.00|;
PA02999|SAI002554|20230501|20230501|09005|01|01|78366.40|78366.40|0.00|6006.51|0.00|20230503|06|20230503|0.00|0.00|;
PA03024|SAI002573|20230503|20230503|09010|02|02|930886.20|930886.20|0.00|8359.72|0.00|20230509|15|20230504|0.00|0.00|;
PA03045|SAI002592|20230503|20230503|09011|02|02|1051354.58|1051354.58|0.00|7840.45|0.00|20230505|15|20230504|0.00|0.00|;
PA03061|SAI002606|20230503|20230503|09005|02|02|24177.96|24177.96|0.00|7978.06|0.00|20230510|15|20230504|0.00|0.00|;
PA03078|SAI002606|20230503|20230503|09012|01|01|67398.07|67398.07|0.00|494.48|0.00|20230503|06|20230506|0.00|0.00|;
PA03104|SAI002612|20230505|20230505|09006|02|02|4709.95|4709.95|0.00|4561.65|0.00|20230510|16|20230507|0.00|0.00|;
PA03120|SAI002629|20230505|20230505|09003|02|02|922867.12|922867.12|0.00|7948.10|0.00|20230506|16|20230507|0.00|0.00|;
PA03163|SAI002645|20230505|20230505|09016|01|01|80223.95|80223.95|0.00|2347.79|0.00|20230506|14|20230506|0.00|0.00|;
PA03169|SAI002647|20230505|20230505|09015|02|02|518633.21|518633.21|0.00|1633.11|0.00|20230507|16|20230507|0.00|0.00|;
PA03216|SAI002669|20230508|20230508|09005|01|02|487055.17|487055.17|0.00|6873.65|0.00|20230509|06|20230511|0.00|0.00|;
PA03225|SAI002674|20230509|20230509|09010|02|02|392392.50|392392.50|0.00|7770.51|0.00|20230510|15|20230511|0.00|0.00|;
PA03255|SAI002682|20230509|20230509|09011|02|02|482241.93|482241.93|0.00|1539.94|0.00|20230514|15|20230512|0.00|0.00|;
PA03288|SAI002695|20230510|20230510|09010|02|02|1370260.67|1370260.67|0.00|4066.34|0.00|20230510|15|20230510|0.00|0.00|;
PA03294|SAI002705|20230510|20230510|09003|01|01|55780.68|55780.68|0.00|889.59|0.00|20230516|14|20230511|0.00|0.00|;
PA03337|SAI002718|20230512|20230512|09004|02|02|1299879.08|1299879.08|0.00|1377.49|0.00|20230517|15|20230512|0.00|0.00|;
PA03357|SAI002728|20230512|20230512|09006|01|01|45196.79|45196.79|0.00|8357.40|0.00|20230516|14|20230514|0.00|0.00|;
PA03361|SAI002746|20230513|20230513|09006|01|01|116268.17|116268.17|0.00|8847.99|0.00|20230517|14|20230516|0.00|0.00|;
PA03390|SAI002749|20230513|20230513|09003|02|02|781498.06|781498.06|0.00|1740.50|0.00|20230518|15|20230516|0.00|0.00|;
PA03400|SAI002757|20230514|20230514|09005|02|02|918881.21|918881.21|0.00|3636.14|0.00|20230519|16|20230516|0.00|0.00|;
PA03423|SAI002781|20230515|20230515|09012|02|02|95009.53|95009.53|0.00|8425.84|0.00|20230518|16|20230517|0.00|0.00|;
PA03440|SAI002782|20230515|20230515|09006|01|01|87215.53|87215.53|0.00|4291.44|0.00|20230516|06|20230517|0.00|0.00|;
PA03490|SAI002797|20230515|20230515|09015|02|02|1923631.42|1923631.42|0.00|675.95|0.00|20230519|15|20230517|0.00|0.00|;
PA03495|SAI002799|20230515|20230515|09003|02|02|911570.84|911570.84|0.00|2207.15|0.00|20230518|16|20230516|0.00|0.00|;
PA03529|SAI002817|20230516|20230516|09014|02|02|242598.61|242598.61|0.00|3695.84|0.00|20230517|15|20230517|0.00|0.00|;
PA03557|SAI002828|20230517|20230517|09015|02|02|3817143.71|3817143.71|0.00|1189.25|0.00|20230519|15|20230518|0.00|0.00|;
PA03582|SAI002832|20230518|20230518|09011|02|02|2874581.38|2874581.38|0.00|5579.15|0.00|20230523|15|20230518|0.00|0.00|;
PA03631|SAI002833|20230519|20230519|09016|01|02|786550.65|786550.65|0.00|5024.88|0.00|20230522|14|20230520|0.00|0.00|;
PA03649|SAI002857|20230521|20230521|09013|02|02|1352153.45|1352153.45|0.00|3482.66|0.00|20230521|15|20230522|0.00|0.00|;
PA03691|SAI002874|20230521|20230521|09016|02|02|578688.12|578688.12|0.00|3447.20|0.00|20230524|15|20230522|0.00|0.00|;
PA03739|SAI002878|20230522|20230522|09007|01|01|130355.51|130355.51|0.00|7103.48|0.00|20230524|14|20230522|0.00|0.00|;
PA03768|SAI002897|20230523|20230523|09014|02|02|530883.83|530883.83|0.00|6881.71|0.00|20230526|16|20230523|0.00|0.00|;
PA03788|SAI002909|20230523|20230523|09010|02|02|200212.22|200212.22|0.00|4964.94|0.00|20230527|15|20230525|0.00|0.00|;
PA03808|SAI002914|20230527|20230527|09009|02|02|279014.88|279014.88|0.00|2705.67|0.00|20230602|16|20230528|0.00|0.00|;
PA03831|SAI002932|20230527|20230527|09016|02|02|1047972.90|1047972.90|0.00|252.34|0.00|20230529|15|20230529|0.00|0.00|;
PA03844|SAI002933|20230527|20230527|09004|02|02|920897.04|920897.04|0.00|9597.32|0.00|20230602|15|20230527|0.00|0.00|;
PA03883|SAI002945|20230528|20230528|09016|02|02|586327.09|586327.09|0.00|854.14|0.00|20230603|15|20230530|0.00|0.00|;
PA03928|SAI002949|20230602|20230602|09009|02|02|1426982.36|1426982.36|0.00|3121.16|0.00|20230606|16|20230603|0.00|0.00|;
PA03960|SAI002971|20230602|20230602|09013|02|02|1150606.72|1150606.72|0.00|4981.00|0.00|20230608|16|20230602|0.00|0.00|;
PA03970|SAI002980|20230606|20230606|09007|01|01|108478.17|108478.17|0.00|1422.83|0.00|20230607|06|20230607|0.00|0.00|;
PA03986|SAI002998|20230607|20230607|09011|02|02|366673.47|366673.47|0.00|2274.36|0.00|20230607|15|20230608|0.00|0.00|;
PA03999|SAI003019|20230608|20230608|09007|02|02|1161330.55|1161330.55|0.00|2033.81|0.00|20230613|15|20230610|0.00|0.00|;
PA04014|SAI003024|20230609|20230609|09002|02|02|1218432.40|1218432.40|0.00|8187.67|0.00|20230614|15|20230611|0.00|0.00|;
PA04023|SAI003046|20230611|20230611|09012|02|02|73838.91|73838.91|0.00|26.45|0.00|20230615|15|20230614|0.00|0.00|;
PA04073|SAI003064|20230611|20230611|09009|02|02|653812.63|653812.63|0.00|5109.91|0.00|20230618|15|20230612|0.00|0.00|;
PA04081|SAI003075|20230612|20230612|09004|02|02|12165.18|12165.18|0.00|4507.59|0.00|20230618|15|20230614|0.00|0.00|;
PA04111|SAI003091|20230613|20230613|09016|01|01|171226.09|171226.09|0.00|3773.33|0.00|20230615|06|20230615|0.00|0.00|;
PA04111|SAI003114|20230616|20230616|09005|02|02|1668342.00|1668342.00|0.00|2143.53|0.00|20230619|16|20230616|0.00|0.00|;
PA04149|SAI003135|20230616|20230616|09005|02|02|1013242.76|1013242.76|0.00|3615.64|0.00|20230620|16|20230619|0.00|0.00|;
PA04170|SAI003145|20230616|20230616|09011|02|02|574252.37|574252.37|0.00|1525.03|0.00|20230621|15|20230618|0.00|0.00|;
PA04220|SAI003145|20230617|20230617|09007|02|02|813785.64|813785.64|0.00|7178.28|0.00|20230622|15|20230619|0.00|0.00|;
PA04248|SAI003157|20230617|20230617|09009|02|02|1750908.07|1750908.07|0.00|2941.28|0.00|20230619|16|20230619|0.00|0.00|;
PA04291|SAI003172|20230617|20230617|09004|02|02|517075.37|517075.37|0.00|3197.15|0.00|20230623|15|20230619|0.00|0.00|;
PA04334|SAI003192|20230617|20230617|09012|01|01|331129.14|331129.14|0.00|8771.23|0.00|20230621|06|20230618|0.00|0.00|;
PA04352|SAI003206|20230618|20230618|09003|02|02|1987003.97|1987003.97|0.00|3428.29|0.00|20230623|15|20230620|0.00|0.00|;
PA04366|SAI003219|20230619|20230619|09015|01|01|69798.87|69798.87|0.00|4581.47|0.00|20230621|06|20230621|0.00|0.00|;
PA04379|SAI003234|20230620|20230620|09003|02|02|127167.92|127167.92|0.00|11.86|0.00|20230627|15|20230623|0.00|0.00|;
PA04381|SAI003247|20230620|20230620|09017|02|02|262060.74|262060.74|0.00|401.01|0.00|20230623|16|20230623|0.00|0.00|;
PA04425|SAI003255|20230620|20230620|09011|02|02|933013.51|933013.51|0.00|2406.50|0.00|20230620|15|20230620|0.00|0.00|;
PA04457|SAI003258|20230620|20230620|09012|02|02|1478557.67|1478557.67|0.00|7533.72|0.00|20230626|16|20230622|0.00|0.00|;
PA04494|SAI003259|20230620|20230620|09005|02|02|984068.61|984068.61|0.00|3830.52|0.00|20230620|15|20230622|0.00|0.00|;
PA04518|SAI003274|20230623|20230623|09017|02|02|2286075.15|2286075.15|0.00|708.83|0.00|20230624|16|20230623|0.00|0.00|;
PA04524|SAI003292|20230623|20230623|09008|01|01|27566.91|27566.91|0.00|472.08|0.00|20230627|14|20230625|0.00|0.00|;
PA04529|SAI003297|20230623|20230623|09011|02|02|87998.03|87998.03|0.00|9619.62|0.00|20230625|15|20230623|0.00|0.00|;
PA04560|SAI003315|20230624|20230624|09006|02|02|603496.28|603496.28|0.00|625.78|0.00|20230628|15|20230627|0.00|0.00|;
PA04604|SAI003317|20230625|20230625|09006|01|01|45826.49|45826.49|0.00|7535.62|0.00|20230628|06|20230627|0.00|0.00|;
PA04606|SAI003326|20230625|20230625|09005|02|02|30542.12|30542.12|0.00|1884.75|0.00|20230701|16|20230627|0.00|0.00|;
PA04628|SAI003339|20230702|20230702|09010|01|02|45612.60|45612.60|0.00|6034.55|0.00|20230705|14|20230704|0.00|0.00|;
PA04637|SAI003359|20230703|20230703|09011|02|02|1078855.52|1078855.52|0.00|2112.52|0.00|20230709|16|20230706|0.00|0.00|;
PA04675|SAI003382|20230704|20230704|09011|02|02|1943630.86|1943630.86|0.00|6100.59|0.00|20230711|15|20230707|0.00|0.00|;
PA04696|SAI003386|20230705|20230705|09015|02|02|2175411.95|2175411.95|0.00|9065.54|0.00|20230707|15|20230705|0.00|0.00|;
PA04733|SAI003409|20230705|20230705|09002|02|02|1091766.02|1091766.02|0.00|3997.17|0.00|20230706|16|20230705|0.00|0.00|;
PA04757|SAI003418|20230705|20230705|09013|02|02|1440214.66|1440214.66|0.00|3504.47|0.00|20230707|16|20230707|0.00|0.00|;
PA04770|SAI003423|20230705|20230705|09016|02|02|4174492.73|4174492.73|0.00|1553.99|0.00|20230707|16|20230706|0.00|0.00|;
PA04775|SAI003431|20230711|20230711|09004|02|02|828252.33|828252.33|0.00|4089.33|0.00|20230718|16|20230712|0.00|0.00|;
PA04821|SAI003440|20230711|20230711|09007|02|02|3273300.65|3273300.65|0.00|1326.71|0.00|20230712|15|20230712|0.00|0.00|;
PA04834|SAI003460|20230713|20230713|09016|02|02|1192341.07|1192341.07|0.00|6733.97|0.00|20230717|15|20230716|0.00|0.00|;
PA04837|SAI003474|20230714|20230714|09010|01|01|106522.16|106522.16|0.00|343.79|0.00|20230717|06|20230716|0.00|0.00|;
PA04884|SAI003475|20230714|20230714|09008|02|02|907688.16|907688.16|0.00|8870.18|0.00|20230721|16|20230717|0.00|0.00|;
PA04925|SAI003492|20230716|20230716|09016|02|02|422208.31|422208.31|0.00|2187.64|0.00|20230720|16|20230718|0.00|0.00|;
PA04951|SAI003493|20230716|20230716|09013|01|01|260255.91|260255.91|0.00|7189.57|0.00|20230717|06|20230718|0.00|0.00|;
PA04978|SAI003507|20230718|20230718|09016|02|02|413869.30|413869.30|0.00|5045.89|0.00|20230721|16|20230719|0.00|0.00|;
PA05001|SAI003518|20230719|20230719|09006|02|02|918849.95|918849.95|0.00|2885.95|0.00|20230723|15|20230720|0.00|0.00|;
PA05042|SAI003534|20230719|20230719|09011|02|02|1493738.51|1493738.51|0.00|5643.95|0.00|20230724|15|20230720|0.00|0.00|;
PA05060|SAI003535|20230719|20230719|09007|01|02|362841.61|362841.61|0.00|3069.34|0.00|20230721|06|20230721|0.00|0.00|;
PA05106|SAI003548|20230719|20230719|09006|02|02|1916022.40|1916022.40|0.00|6019.91|0.00|20230725|16|20230721|0.00|0.00|;
PA05114|SAI003551|20230719|20230719|09004|02|02|1185630.22|1185630.22|0.00|6261.09|0.00|20230724|15|20230721|0.00|0.00|;
PA05119|SAI003566|20230719|20230719|09011|02|02|1390243.31|1390243.31|0.00|7549.73|0.00|20230720|15|20230720|0.00|0.00|;
PA05161|SAI003576|20230719|20230719|09009|02|02|3061223.59|3061223.59|0.00|9066.77|0.00|20230725|16|20230719|0.00|0.00|;
PA05169|SAI003579|20230721|20230721|09002|02|02|690657.37|690657.37|0.00|4464.79|0.00|20230725|16|20230722|0.00|0.00|;
PA05172|SAI003591|20230721|20230721|09007|02|02|84015.16|84015.16|0.00|7540.86|0.00|20230728|15|20230721|0.00|0.00|;
PA05187|SAI003609|20230722|20230722|09010|02|02|1085931.32|1085931.32|0.00|7669.52|0.00|20230724|15|20230723|0.00|0.00|;
PA05218|SAI003625|20230722|20230722|09008|02|02|1193913.86|1193913.86|0.00|4556.63|0.00|20230729|15|20230722|0.00|0.00|;
PA05224|SAI003631|20230722|20230722|09013|02|02|2281844.69|2281844.69|0.00|3938.38|0.00|20230728|16|20230722|0.00|0.00|;
PA05259|SAI003635|20230722|20230722|09004|02|02|522710.36|522710.36|0.00|6284.67|0.00|20230727|16|20230722|0.00|0.00|;
PA05292|SAI003658|20230722|20230722|09010|01|01|126823.06|126823.06|0.00|1381.60|0.00|20230728|06|20230723|0.00|0.00|;
PA05334|SAI003682|20230722|20230722|09009|02|02|600086.32|600086.32|0.00|1752.17|0.00|20230724|15|20230724|0.00|0.00|;
PA05340|SAI003687|20230723|20230723|09006|02|02|1704673.82|1704673.82|0.00|5003.39|0.00|20230725|16|20230724|0.00|0.00|;
PA05379|SAI003707|20230723|20230723|09012|02|02|149065.77|149065.77|0.00|9526.32|0.00|20230724|16|20230725|0.00|0.00|;
PA05427|SAI003719|20230723|20230723|09005|02|02|950606.26|950606.26|0.00|3613.27|0.00|20230724|15|20230723|0.00|0.00|;
PA05467|SAI003736|20230724|20230724|09005|01|01|72510.70|72510.70|0.00|2638.27|0.00|20230728|06|20230726|0.00|0.00|;
PA05476|SAI003758|20230724|20230724|09003|02|02|1890270.00|1890270.00|0.00|7030.23|0.00|20230730|15|20230725|0.00|0.00|;
PA05476|SAI003778|20230724|20230724|09003|02|02|805576.58|805576.58|0.00|9880.10|0.00|20230724|16|20230724|0.00|0.00|;
PA05497|SAI003794|20230725|20230725|09006|02|02|3584355.41|3584355.41|0.00|1457.67|0.00|20230730|15|20230725|0.00|0.00|;
PA05516|SAI003818|20230727|20230727|09004|02|02|37408.92|37408.92|0.00|3575.26|0.00|20230731|16|20230730|0.00|0.00|;
PA05533|SAI003819|20230728|20230728|09015|02|02|181992.99|181992.99|0.00|3754.87|0.00|20230731|15|20230728|0.00|0.00|;
PA05542|SAI003842|20230728|20230728|09016|02|02|357423.48|357423.48|0.00|2517.38|0.00|20230803|15|20230730|0.00|0.00|;
PA05583|SAI003847|20230730|20230730|09008|02|02|412489.27|412489.27|0.00|5358.30|0.00|20230801|15|20230731|0.00|0.00|;
PA05584|SAI003866|20230731|20230731|09013|01|01|51653.69|51653.69|0.00|6798.69|0.00|20230804|06|20230731|0.00|0.00|;
PA05605|SAI003866|20230801|20230801|09011|01|01|100429.26|100429.26|0.00|218.47|0.00|20230801|06|20230803|0.00|0.00|;
PA05606|SAI003875|20230804|20230804|09010|02|02|1601968.99|1601968.99|0.00|35.31|0.00|20230809|15|20230804|0.00|0.00|;
PA05655|SAI003897|20230805|20230805|09010|02|02|461034.23|461034.23|0.00|5868.71|0.00|20230807|15|20230808|0.00|0.00|;
PA05688|SAI003901|20230805|20230805|09013|02|02|831933.23|831933.23|0.00|6253.77|0.00|20230810|15|20230805|0.00|0.00|;
PA05694|SAI003912|20230807|20230807|09008|02|02|1148456.46|1148456.46|0.00|7155.00|0.00|20230808|15|20230808|0.00|0.00|;
PA05741|SAI003936|20230807|20230807|09003|01|02|126114.59|126114.59|0.00|500.09|0.00|20230808|14|20230808|0.00|0.00|;
PA05785|SAI003950|20230808|20230808|09014|02|02|125047.33|125047.33|0.00|4997.12|0.00|20230813|16|20230809|0.00|0.00|;
PA05822|SAI003966|20230809|20230809|09013|01|01|71144.97|71144.97|0.00|4858.15|0.00|20230814|06|20230810|0.00|0.00|;
PA05825|SAI003980|20230809|20230809|09010|01|01|68028.93|68028.93|0.00|6324.51|0.00|20230813|06|20230810|0.00|0.00|;
PA05846|SAI003994|20230809|20230809|09003|02|02|65639.95|65639.95|0.00|8293.71|0.00|20230811|15|20230809|0.00|0.00|;
PA05852|SAI004014|20230809|20230809|09004|02|02|189439.71|189439.71|0.00|9730.85|0.00|20230813|15|20230811|0.00|0.00|;
PA05857|SAI004022|20230811|20230811|09004|01|01|111873.49|111873.49|0.00|6367.89|0.00|20230812|14|20230812|0.00|0.00|;
PA05886|SAI004043|20230813|20230813|09014|02|02|791735.63|791735.63|0.00|608.88|0.00|20230818|16|20230815|0.00|0.00|;
PA05915|SAI004063|20230815|20230815|09011|02|02|1021595.71|1021595.71|0.00|6111.82|0.00|20230821|15|20230818|0.00|0.00|;
PA05948|SAI004081|20230816|20230816|09004|02|02|2007357.86|2007357.86|0.00|3808.09|0.00|20230818|15|20230817|0.00|0.00|;
PA05949|SAI004088|20230817|20230817|09011|01|01|156917.40|156917.40|0.00|5865.82|0.00|20230821|06|20230817|0.00|0.00|;
PA05974|SAI004111|20230817|20230817|09011|01|01|21959.60|21959.60|0.00|1155.09|0.00|20230821|06|20230819|0.00|0.00|;
PA06000|SAI004114|20230818|20230818|09004|02|02|1744011.85|1744011.85|0.00|9003.68|0.00|20230823|15|20230819|0.00|0.00|;
PA06008|SAI004130|20230819|20230819|09011|02|02|365319.04|365319.04|0.00|4658.02|0.00|20230820|16|20230822|0.00|0.00|;
PA06024|SAI004137|20230819|20230819|09011|02|02|899597.81|899597.81|0.00|1738.20|0.00|20230824|15|20230821|0.00|0.00|;
PA06051|SAI004138|20230820|20230820|09003|01|01|34304.78|34304.78|0.00|5375.53|0.00|20230822|06|20230823|0.00|0.00|;
PA06067|SAI004145|20230820|20230820|09017|02|02|174792.23|174792.23|0.00|7037.76|0.00|20230825|15|20230820|0.00|0.00|;
PA06093|SAI004161|20230820|20230820|09007|01|01|40860.86|40860.86|0.00|7662.52|0.00|20230823|14|20230823|0.00|0.00|;
PA06134|SAI004168|20230820|20230820|09014|01|01|98798.37|98798.37|0.00|9472.61|0.00|20230821|14|20230823|0.00|0.00|;
PA06174|SAI004183|20230820|20230820|09009|02|02|840409.66|840409.66|0.00|5159.21|0.00|20230820|15|20230820|0.00|0.00|;
PA06186|SAI004206|20230824|20230824|09013|02|02|1677756.45|1677756.45|0.00|3140.74|0.00|20230830|15|20230826|0.00|0.00|;
PA06209|SAI004215|20230825|20230825|09017|02|02|697114.58|697114.58|0.00|2449.28|0.00|20230827|15|20230827|0.00|0.00|;
PA06243|SAI004230|20230826|20230826|09015|02|02|5385617.88|5385617.88|0.00|866.38|0.00|20230826|16|20230827|0.00|0.00|;
PA06279|SAI004230|20230828|20230828|09008|02|02|986864.79|986864.79|0.00|4091.58|0.00|20230831|15|20230828|0.00|0.00|;
PA06300|SAI004253|20230829|20230829|09008|02|02|1496330.19|1496330.19|0.00|6417.56|0.00|20230830|16|20230831|0.00|0.00|;
PA06335|SAI004269|20230829|20230829|09017|01|02|723305.18|723305.18|0.00|6486.59|0.00|20230904|14|20230831|0.00|0.00|;
PA06354|SAI004283|20230829|20230829|09012|02|02|732053.00|732053.00|0.00|8968.04|0.00|20230830|16|20230829|0.00|0.00|;
PA06402|SAI004300|20230831|20230831|09006|02|02|181727.38|181727.38|0.00|9412.30|0.00|20230905|16|20230901|0.00|0.00|;
PA06427|SAI004304|20230901|20230901|09007|02|02|204562.46|204562.46|0.00|6374.84|0.00|20230903|16|20230902|0.00|0.00|;
PA06438|SAI004321|20230902|20230902|09008|02|02|476824.30|476824.30|0.00|7220.26|0.00|20230908|15|20230903|0.00|0.00|;
PA06448|SAI004339|20230904|20230904|09003|01|02|689445.85|689445.85|0.00|2317.70|0.00|20230909|06|20230906|0.00|0.00|;
PA06484|SAI004347|20230904|20230904|09017|02|02|1999855.00|1999855.00|0.00|2137.85|0.00|20230909|16|20230904|0.00|0.00|;
PA06532|SAI004365|20230904|20230904|09008|02|02|1206793.25|1206793.25|0.00|3312.78|0.00|20230911|15|20230904|0.00|0.00|;
PA06536|SAI004384|20230905|20230905|09013|01|01|162984.48|162984.48|0.00|5443.09|0.00|20230908|14|20230906|0.00|0.00|;
PA06574|SAI004406|20230907|20230907|09012|02|02|352456.54|352456.54|0.00|97.30|0.00|20230910|15|20230908|0.00|0.00|;
PA06610|SAI004411|20230907|20230907|09002|02|02|97604.86|97604.86|0.00|1789.08|0.00|20230911|16|20230909|0.00|0.00|;
PA06624|SAI004421|20230908|20230908|09007|02|02|1631458.22|1631458.22|0.00|9078.30|0.00|20230915|15|20230910|0.00|0.00|;
PA06665|SAI004436|20230909|20230909|09008|01|01|36152.63|36152.63|0.00|5204.61|0.00|20230909|06|20230911|0.00|0.00|;
PA06699|SAI004455|20230909|20230909|09012|02|02|1283811.98|1283811.98|0.00|8357.10|0.00|20230915|15|20230909|0.00|0.00|;
PA06740|SAI004468|20230909|20230909|09010|01|01|183580.81|183580.81|0.00|5851.31|0.00|20230912|06|20230910|0.00|0.00|;
PA06759|SAI004490|20230909|20230909|09005|02|02|2443424.55|2443424.55|0.00|9137.70|0.00|20230913|15|20230910|0.00|0.00|;
PA06789|SAI004507|20230911|20230911|09010|02|02|14105.40|14105.40|0.00|1682.36|0.00|20230914|15|20230911|0.00|0.00|;
PA06799|SAI004524|20230911|20230911|09013|02|02|1068712.90|1068712.90|0.00|326.64|0.00|20230917|15|20230914|0.00|0.00|;
PA06808|SAI004532|20230913|20230913|09010|02|02|1865682.83|1865682.83|0.00|8137.38|0.00|20230917|15|20230913|0.00|0.00|;
PA06854|SAI004535|20230913|20230913|09016|02|02|81641.27|81641.27|0.00|2339.05|0.00|20230913|16|20230913|0.00|0.00|;
PA06887|SAI004547|20230916|20230916|09016|01|02|223467.82|223467.82|0.00|400.67|0.00|20230920|14|20230917|0.00|0.00|;
PA06894|SAI004555|20230917|20230917|09006|01|01|316658.73|316658.73|0.00|2317.43|0.00|20230917|06|20230917|0.00|0.00|;
PA06906|SAI004571|20230919|20230919|09005|02|02|724125.29|724125.29|0.00|4077.24|0.00|20230923|16|20230922|0.00|0.00|;
PA06955|SAI004588|20230922|20230922|09007|02|02|1999407.55|1999407.55|0.00|7008.77|0.00|20230926|15|20230925|0.00|0.00|;
PA06971|SAI004595|20230922|20230922|09004|02|02|91429.45|91429.45|0.00|6203.02|0.00|20230923|16|20230925|0.00|0.00|;
PA06989|SAI004617|20230922|20230922|09006|02|02|775166.94|775166.94|0.00|7366.93|0.00|20230924|16|20230925|0.00|0.00|;
PA06995|SAI004627|20230923|20230923|09006|02|02|2533840.88|2533840.88|0.00|4314.86|0.00|20230930|15|20230924|0.00|0.00|;
PA07001|SAI004639|20230923|20230923|09003|01|01|399387.67|399387.67|0.00|1877.87|0.00|20230928|14|20230924|0.00|0.00|;
PA07008|SAI004664|20230923|20230923|09003|01|01|581681.79|581681.79|0.00|871.95|0.00|20230923|06|20230925|0.00|0.00|;
PA07050|SAI004686|20230924|20230924|09012|01|01|213669.14|213669.14|0.00|7926.05|0.00|20230926|06|20230925|0.00|0.00|;
PA07094|SAI004690|20230924|20230924|09010|02|02|694757.40|694757.40|0.00|44.13|0.00|20230929|15|20230927|0.00|0.00|;
PA07136|SAI004692|20230925|20230925|09015|01|02|94237.40|94237.40|0.00|5963.51|0.00|20230927|14|20230927|0.00|0.00|;
PA07137|SAI004715|20230926|20230926|09004|02|02|1146314.96|1146314.96|0.00|2084.66|0.00|20231002|15|20230927|0.00|0.00|;
PA07178|SAI004733|20230927|20230927|09012|02|02|50037.10|50037.10|0.00|4947.49|0.00|20231003|15|20230929|0.00|0.00|;
PA07188|SAI004742|20230928|20230928|09012|02|02|98615.85|98615.85|0.00|4335.82|0.00|20230929|16|20230930|0.00|0.00|;
PA07214|SAI004759|20231002|20231002|09012|02|02|528999.52|528999.52|0.00|8616.35|0.00|20231007|15|20231005|0.00|0.00|;
PA07250|SAI004760|20231002|20231002|09008|02|02|238010.15|238010.15|0.00|4751.55|0.00|20231006|15|20231004|0.00|0.00|;
PA07287|SAI004769|20231004|20231004|09012|02|02|379417.14|379417.14|0.00|7558.88|0.00|20231007|16|20231004|0.00|0.00|;
PA07336|SAI004777|20231005|20231005|09004|02|02|1286342.87|1286342.87|0.00|7693.85|0.00|20231007|15|20231007|0.00|0.00|;
PA07379|SAI004780|20231005|20231005|09009|02|02|309030.45|309030.45|0.00|450.13|0.00|20231011|15|20231006|0.00|0.00|;
PA07410|SAI004784|20231007|20231007|09009|02|02|3328867.79|3328867.79|0.00|8803.75|0.00|20231012|16|20231008|0.00|0.00|;
PA07441|SAI004785|20231009|20231009|09002|02|02|871150.15|871150.15|0.00|1323.80|0.00|20231011|15|20231010|0.00|0.00|;
PA07490|SAI004786|20231009|20231009|09009|02|02|951232.37|951232.37|0.00|5164.96|0.00|20231011|15|20231011|0.00|0.00|;
PA07494|SAI004806|20231009|20231009|09016|02|02|1390430.46|1390430.46|0.00|9283.44|0.00|20231011|15|20231009|0.00|0.00|;
PA07514|SAI004815|20231012|20231012|09006|01|01|75373.00|75373.00|0.00|773.68|0.00|20231019|06|20231014|0.00|0.00|;
PA07530|SAI004821|20231013|20231013|09004|02|02|54893.38|54893.38|0.00|2146.47|0.00|20231016|16|20231014|0.00|0.00|;
PA07566|SAI004827|20231013|20231013|09005|02|02|1116695.55|1116695.55|0.00|3493.11|0.00|20231016|16|20231015|0.00|0.00|;
PA07591|SAI004828|20231013|20231013|09013|01|01|263235.45|263235.45|0.00|229.58|0.00|20231020|14|20231015|0.00|0.00|;
PA07611|SAI004832|20231013|20231013|09012|02|02|1159167.37|1159167.37|0.00|5794.72|0.00|20231019|16|20231014|0.00|0.00|;
PA07640|SAI004857|20231014|20231014|09004|01|01|80785.50|80785.50|0.00|8160.47|0.00|20231020|14|20231015|0.00|0.00|;
PA07684|SAI004865|20231014|20231014|09002|02|02|236889.34|236889.34|0.00|3186.38|0.00|20231014|15|20231017|0.00|0.00|;
PA07733|SAI004873|20231020|20231020|09010|01|01|80108.27|80108.27|0.00|7652.66|0.00|20231020|14|20231020|0.00|0.00|;
PA07735|SAI004877|20231020|20231020|09014|02|02|554458.09|554458.09|0.00|8640.53|0.00|20231025|15|20231021|0.00|0.00|;
PA07755|SAI004900|20231021|20231021|09008|01|01|168847.91|168847.91|0.00|8390.11|0.00|20231026|14|20231023|0.00|0.00|;
PA07774|SAI004925|20231025|20231025|09015|02|02|389069.75|389069.75|0.00|474.85|0.00|20231029|15|20231026|0.00|0.00|;
PA07812|SAI004929|20231027|20231027|09012|01|01|282548.65|282548.65|0.00|4990.52|0.00|20231101|14|20231028|0.00|0.00|;
PA07844|SAI004929|20231029|20231029|09006|01|01|66084.83|66084.83|0.00|8927.44|0.00|20231031|14|20231101|0.00|0.00|;
PA07885|SAI004939|20231030|20231030|09011|02|02|1090710.38|1090710.38|0.00|8229.03|0.00|20231103|16|20231030|0.00|0.00|;
PA07903|SAI004951|20231030|20231030|09014|01|01|52282.90|52282.90|0.00|8402.86|0.00|20231104|14|20231031|0.00|0.00|;
PA07909|SAI004956|20231101|20231101|09008|02|02|281231.34|281231.34|0.00|3785.11|0.00|20231104|15|20231103|0.00|0.00|;
PA07925|SAI004964|20231102|20231102|09004|02|02|1154986.20|1154986.20|0.00|2400.57|0.00|20231104|15|20231104|0.00|0.00|;
PA07973|SAI004977|20231104|20231104|09013|02|02|1593287.06|1593287.06|0.00|4924.23|0.00|20231105|15|20231107|0.00|0.00|;
PA07999|SAI004980|20231104|20231104|09016|02|02|2031573.02|2031573.02|0.00|506.66|0.00|20231105|15|20231107|0.00|0.00|;
PA08049|SAI004994|20231104|20231104|09009|02|02|1045523.97|1045523.97|0.00|6378.96|0.00|20231110|15|20231105|0.00|0.00|;
PA08093|SAI005009|20231104|20231104|09008|01|01|143909.30|143909.30|0.00|7094.78|0.00|20231109|06|20231106|0.00|0.00|;
PA08123|SAI005014|20231105|20231105|09006|02|02|966924.61|966924.61|0.00|642.38|0.00|20231109|16|20231107|0.00|0.00|;
PA08167|SAI005017|20231105|20231105|09009|02|02|911989.31|911989.31|0.00|3876.78|0.00|20231105|15|20231106|0.00|0.00|;
PA08205|SAI005021|20231105|20231105|09012|02|02|168150.31|168150.31|0.00|8375.54|0.00|20231109|16|20231107|0.00|0.00|;
PA08220|SAI005021|20231107|20231107|09011|02|02|1319874.56|1319874.56|0.00|4988.63|0.00|20231110|16|20231108|0.00|0.00|;
PA08242|SAI005021|20231109|20231109|09005|02|02|11844.46|11844.46|0.00|2686.88|0.00|20231110|16|20231111|0.00|0.00|;
PA08290|SAI005037|20231109|20231109|09008|01|01|104891.24|104891.24|0.00|5249.00|0.00|20231115|06|20231109|0.00|0.00|;
PA08335|SAI005048|20231111|20231111|09006|02|02|570423.06|570423.06|0.00|4825.23|0.00|20231113|16|20231112|0.00|0.00|;
PA08351|SAI005052|20231113|20231113|09005|02|02|459534.93|459534.93|0.00|866.17|0.00|20231118|16|20231114|0.00|0.00|;
PA08378|SAI005066|20231115|20231115|09015|02|02|1828219.23|1828219.23|0.00|4814.78|0.00|20231120|15|20231116|0.00|0.00|;
PA08381|SAI005077|20231117|20231117|09015|02|02|1315656.76|1315656.76|0.00|9137.56|0.00|20231123|16|20231117|0.00|0.00|;
PA08391|SAI005092|20231117|20231117|09015|02|02|616430.90|616430.90|0.00|6532.09|0.00|20231124|16|20231118|0.00|0.00|;
PA08427|SAI005109|20231118|20231118|09015|02|02|343952.69|343952.69|0.00|9647.31|0.00|20231121|15|20231119|0.00|0.00|;
PA08430|SAI005116|20231120|20231120|09003|02|02|1405487.71|1405487.71|0.00|4940.88|0.00|20231124|16|20231122|0.00|0.00|;
PA08449|SAI005120|20231122|20231122|09010|02|02|1292042.58|1292042.58|0.00|7087.08|0.00|20231123|16|20231125|0.00|0.00|;
PA08487|SAI005128|20231122|20231122|09010|02|02|2689121.41|2689121.41|0.00|3746.10|0.00|20231125|16|20231124|0.00|0.00|;
PA08500|SAI005145|20231122|20231122|09007|02|02|436913.54|436913.54|0.00|4379.63|0.00|20231123|15|20231122|0.00|0.00|;
PA08543|SAI005148|20231122|20231122|09014|01|01|88401.78|88401.78|0.00|263.81|0.00|20231125|06|20231123|0.00|0.00|;
PA08555|SAI005161|20231123|20231123|09013|02|02|72673.98|72673.98|0.00|7283.16|0.00|20231129|15|20231125|0.00|0.00|;
PA08560|SAI005175|20231123|20231123|09015|02|02|410402.62|410402.62|0.00|3233.35|0.00|20231129|15|20231124|0.00|0.00|;
PA08587|SAI005190|20231123|20231123|09010|02|02|243151.97|243151.97|0.00|9419.26|0.00|20231128|16|20231123|0.00|0.00|;
PA08618|SAI005208|20231124|20231124|09009|02|02|1022894.01|1022894.01|0.00|6438.84|0.00|20231125|15|20231125|0.00|0.00|;
PA08633|SAI005227|20231124|20231124|09006|02|02|40919.62|40919.62|0.00|4634.38|0.00|20231129|15|20231124|0.00|0.00|;
PA08683|SAI005242|20231125|20231125|09005|01|01|122485.05|122485.05|0.00|9647.52|0.00|20231126|14|20231127|0.00|0.00|;
PA08706|SAI005253|20231129|20231129|09002|01|01|56996.47|56996.47|0.00|9110.64|0.00|20231201|14|20231202|0.00|0.00|;
PA08717|SAI005262|20231130|20231130|09012|02|02|304709.02|304709.02|0.00|3890.11|0.00|20231204|16|20231203|0.00|0.00|;
PA08718|SAI005286|20231130|20231130|09002|02|02|1874735.77|1874735.77|0.00|294.78|0.00|20231202|16|20231202|0.00|0.00|;
PA08749|SAI005292|20231202|20231202|09008|02|02|602206.33|602206.33|0.00|4729.59|0.00|20231205|16|20231204|0.00|0.00|;
PA08776|SAI005301|20231203|20231203|09014|02|02|2676470.78|2676470.78|0.00|7826.54|0.00|20231209|16|20231205|0.00|0.00|;
PA08821|SAI005324|20231203|20231203|09011|01|01|29003.59|29003.59|0.00|6071.87|0.00|20231205|06|20231204|0.00|0.00|;
PA08842|SAI005343|20231203|20231203|09008|02|02|2361780.48|2361780.48|0.00|4546.44|0.00|20231206|16|20231205|0.00|0.00|;
PA08876|SAI005367|20231203|20231203|09008|02|02|3850254.39|3850254.39|0.00|3734.90|0.00|20231205|15|20231204|0.00|0.00|;
PA08923|SAI005379|20231203|20231203|09007|02|02|2207211.16|2207211.16|0.00|1658.48|0.00|20231210|15|20231204|0.00|0.00|;
PA08938|SAI005395|20231203|20231203|09007|02|02|372402.65|372402.65|0.00|9177.98|0.00|20231203|16|20231205|0.00|0.00|;
PA08974|SAI005406|20231203|20231203|09003|02|02|1585757.34|1585757.34|0.00|4770.72|0.00|20231208|15|20231204|0.00|0.00|;
PA09005|SAI005427|20231203|20231203|09007|02|02|167313.61|167313.61|0.00|3392.89|0.00|20231207|16|20231204|0.00|0.00|;
PA09013|SAI005448|20231203|20231203|09005|02|02|571445.41|571445.41|0.00|8331.81|0.00|20231206|15|20231205|0.00|0.00|;
PA09046|SAI005470|20231205|20231205|09012|02|02|838242.83|838242.83|0.00|6241.68|0.00|20231206|15|20231207|0.00|0.00|;
PA09075|SAI005495|20231206|20231206|09008|01|01|173646.85|173646.85|0.00|378.96|0.00|20231212|14|20231208|0.00|0.00|;
PA09117|SAI005513|20231206|20231206|09012|02|02|151048.68|151048.68|0.00|7150.73|0.00|20231208|15|20231208|0.00|0.00|;
PA09167|SAI005532|20231209|20231209|09007|01|01|46424.57|46424.57|0.00|8710.86|0.00|20231211|06|20231210|0.00|0.00|;
PA09171|SAI005553|20231209|20231209|09017|02|02|1642491.38|1642491.38|0.00|8209.69|0.00|20231209|15|20231211|0.00|0.00|;
PA09215|SAI005572|20231210|20231210|09012|02|02|74010.67|74010.67|0.00|2213.32|0.00|20231216|16|20231212|0.00|0.00|;
PA09260|SAI005585|20231211|20231211|09011|01|01|204156.97|204156.97|0.00|2480.80|0.00|20231214|14|20231213|0.00|0.00|;
PA09280|SAI005596|20231211|20231211|09015|02|02|412667.00|412667.00|0.00|1187.20|0.00|20231212|15|20231212|0.00|0.00|;
PA09324|SAI005611|20231214|20231214|09016|02|02|603416.98|603416.98|0.00|2563.79|0.00|20231220|16|20231216|0.00|0.00|;
PA09353|SAI005617|20231216|20231216|09005|02|02|144850.77|144850.77|0.00|4187.45|0.00|20231220|16|20231219|0.00|0.00|;
PA09360|SAI005639|20231218|20231218|09009|02|02|924398.16|924398.16|0.00|4640.41|0.00|20231221|15|20231220|0.00|0.00|;
PA09369|SAI005660|20231220|20231220|09005|02|02|455696.14|455696.14|0.00|3250.48|0.00|20231225|16|20231223|0.00|0.00|;
PA09416|SAI005683|20231221|20231221|09004|02|02|698412.01|698412.01|0.00|9344.04|0.00|20231228|15|20231221|0.00|0.00|;
PA09434|SAI005698|20231221|20231221|09004|02|02|1754755.23|1754755.23|0.00|8034.41|0.00|20231228|16|20231223|0.00|0.00|;
PA09464|SAI005703|20231221|20231221|09005|01|01|247878.25|247878.25|0.00|1036.89|0.00|20231222|14|20231223|0.00|0.00|;
PA09492|SAI005706|20231227|20231227|09010|02|02|659615.32|659615.32|0.00|4363.83|0.00|20231231|16|20231228|0.00|0.00|;
PA09526|SAI005722|20231229|20231229|09011|02|02|145997.25|145997.25|0.00|4322.63|0.00|20240102|16|20231230|0.00|0.00|;
PA09575|SAI005735|20231229|20231229|09013|02|02|2047196.11|2047196.11|0.00|6753.43|0.00|20240102|15|20231231|0.00|0.00|;
PA09584|SAI005735|20231229|20231229|09004|01|01|307524.22|307524.22|0.00|6888.57|0.00|20231229|14|20240101|0.00|0.00|;
PA09607|SAI005738|20231231|20231231|09005|02|02|228756.62|228756.62|0.00|102.17|0.00|20240103|16|20240101|0.00|0.00|;