cve_scenario|num_year|pct_rate
1|1|0.04509729
1|2|0.052953038
1|3|0.053605761
1|4|0.042994455
1|5|0.049047093
1|6|0.049515218
1|7|0.056546545
1|8|0.077717011
1|9|0.076315989
1|10|0.101604532
1|11|0.102882233
1|12|0.10008842
1|13|0.10286648
1|14|0.10505613
1|15|0.096340926
1|16|0.089772098
1|17|0.101234064
1|18|0.101628672
1|19|0.113898711
1|20|0.101823904
1|21|0.09692736
1|22|0.09522818
1|23|0.098450725
1|24|0.095041906
1|25|0.077042331
1|26|0.064531793
1|27|0.041319223
1|28|0.059064305
1|29|0.056638029
1|30|0.055728508
2|1|0.04509729
2|2|0.045050265
2|3|0.035545376
2|4|0.03739725
2|5|0.046330547
2|6|0.068829281
2|7|0.069443471
2|8|0.076800536
2|9|0.068313456
2|10|0.095486689
2|11|0.146583729
2|12|0.158965285
2|13|0.114135137
2|14|0.101885836
2|15|0.095782912
2|16|0.083662262
2|17|0.080745289
2|18|0.08293161
2|19|0.094966563
2|20|0.098774602
2|21|0.095925281
2|22|0.107495245
2|23|0.107975181
2|24|0.098028393
2|25|0.095798614
2|26|0.095771398
2|27|0.100566748
2|28|0.09374261
2|29|0.091421074
2|30|0.09007068
3|1|0.04509729
3|2|0.043981237
3|3|0.050409761
3|4|0.046254854
3|5|0.0437299
3|6|0.046785789
3|7|0.052578532
3|8|0.057152056
3|9|0.061321312
3|10|0.060288268
3|11|0.054943654
3|12|0.052950986
3|13|0.05326398
3|14|0.060228546
3|15|0.058199001
3|16|0.047371098
3|17|0.036981732
3|18|0.043787112
3|19|0.039644317
3|20|0.053242428
3|21|0.061161636
3|22|0.069581016
3|23|0.071577964
3|24|0.067812223
3|25|0.057928474
3|26|0.065009552
3|27|0.091034565
3|28|0.083397866
3|29|0.077315292
3|30|0.082430079
4|1|0.04509729
4|2|0.043680862
4|3|0.046846154
4|4|0.048227869
4|5|0.053837752
4|6|0.06286615
4|7|0.067223294
4|8|0.070644444
4|9|0.066079998
4|10|0.065887959
4|11|0.061466576
4|12|0.064868174
4|13|0.069313174
4|14|0.064429651
4|15|0.057781395
4|16|0.057617872
4|17|0.055870306
4|18|0.072072833
4|19|0.073041159
4|20|0.065814659
4|21|0.057560283
4|22|0.074222384
4|23|0.076488214
4|24|0.074865077
4|25|0.085114931
4|26|0.091867211
4|27|0.085585825
4|28|0.074405843
4|29|0.060005119
4|30|0.066894805
5|1|0.04509729
5|2|0.039675926
5|3|0.0458887
5|4|0.052162037
5|5|0.05845516
5|6|0.050431284
5|7|0.049583858
5|8|0.067806022
5|9|0.065822918
5|10|0.063957179
5|11|0.066979505
5|12|0.058500428
5|13|0.061038024
5|14|0.080397055
5|15|0.05225333
5|16|0.064252204
5|17|0.071887502
5|18|0.070409575
5|19|0.050100266
5|20|0.054531825
5|21|0.046418519
5|22|0.047131634
5|23|0.039879865
5|24|0.048632321
5|25|0.052190758
5|26|0.051330318
5|27|0.06206628
5|28|0.072840208
5|29|0.081386811
5|30|0.099926903
6|1|0.04509729
6|2|0.045171919
6|3|0.045925517
6|4|0.0544086
6|5|0.05136518
6|6|0.051270849
6|7|0.057701175
6|8|0.062657908
6|9|0.07703818
6|10|0.063791117
6|11|0.069168408
6|12|0.084558741
6|13|0.07725613
6|14|0.083151196
6|15|0.081886019
6|16|0.079056617
6|17|0.072589564
6|18|0.073108492
6|19|0.072981079
6|20|0.067716123
6|21|0.059650978
6|22|0.071462028
6|23|0.066506468
6|24|0.059413201
6|25|0.058692829
6|26|0.0546643
6|27|0.06393655
6|28|0.068524319
6|29|0.068256609
6|30|0.066012885
7|1|0.04509729
7|2|0.046769419
7|3|0.057585992
7|4|0.0576261
7|5|0.066217326
7|6|0.072856781
7|7|0.061381065
7|8|0.05386547
7|9|0.048101942
7|10|0.046887081
7|11|0.03887362
7|12|0.034846391
7|13|0.050166875
7|14|0.046391922
7|15|0.046389877
7|16|0.049738562
7|17|0.05027038
7|18|0.062616674
7|19|0.067856657
7|20|0.071725999
7|21|0.069945088
7|22|0.065772331
7|23|0.078109461
7|24|0.082266743
7|25|0.087674826
7|26|0.09198529
7|27|0.089929736
7|28|0.081245389
7|29|0.065286144
7|30|0.08473579
8|1|0.04509729
8|2|0.044220341
8|3|0.035385617
8|4|0.028449516
8|5|0.022029001
8|6|0.024820128
8|7|0.037632543
8|8|0.039779932
8|9|0.040012436
8|10|0.035345933
8|11|0.041538631
8|12|0.04959103
8|13|0.055875443
8|14|0.052369248
8|15|0.043168079
8|16|0.039926774
8|17|0.033206179
8|18|0.031293057
8|19|0.035018318
8|20|0.03555657
8|21|0.02953593
8|22|0.025107651
8|23|0.023742275
8|24|0.023725075
8|25|0.027760026
8|26|0.030380301
8|27|0.028067226
8|28|0.031759236
8|29|0.029531872
8|30|0.027256237
9|1|0.04509729
9|2|0.061862238
9|3|0.056051163
9|4|0.05213947
9|5|0.065480193
9|6|0.060083367
9|7|0.059037548
9|8|0.062692957
9|9|0.055456241
9|10|0.053932199
9|11|0.063265167
9|12|0.045579871
9|13|0.045186232
9|14|0.034155777
9|15|0.03051531
9|16|0.040004278
9|17|0.037751727
9|18|0.0447896
9|19|0.049177174
9|20|0.061073047
9|21|0.069659617
9|22|0.068471602
9|23|0.05235899
9|24|0.044726228
9|25|0.042177599
9|26|0.036026765
9|27|0.042040806
9|28|0.041976497
9|29|0.048592384
9|30|0.045076844
10|1|0.04509729
10|2|0.046680409
10|3|0.043598114
10|4|0.050235536
10|5|0.063094003
10|6|0.059843483
10|7|0.065738264
10|8|0.06091854
10|9|0.060046302
10|10|0.054486642
10|11|0.049367701
10|12|0.055954567
10|13|0.036514375
10|14|0.042115326
10|15|0.037706905
10|16|0.045608503
10|17|0.044417571
10|18|0.049939387
10|19|0.061782894
10|20|0.064364654
10|21|0.054426057
10|22|0.054677651
10|23|0.05776494
10|24|0.06151912
10|25|0.062842438
10|26|0.082962829
10|27|0.090245046
10|28|0.094367054
10|29|0.096315797
10|30|0.113126282
11|1|0.04509729
11|2|0.05575625
11|3|0.036108195
11|4|0.033160438
11|5|0.06094326
11|6|0.124657069
11|7|0.129913725
11|8|0.138063307
11|9|0.118897471
11|10|0.119212711
11|11|0.108877446
11|12|0.119938568
11|13|0.120392612
11|14|0.115363052
11|15|0.094159932
11|16|0.094209096
11|17|0.079385934
11|18|0.095271089
11|19|0.11205883
11|20|0.10627167
11|21|0.090681543
11|22|0.081192358
11|23|0.055054584
11|24|0.042931138
11|25|0.032530338
11|26|0.042564545
11|27|0.036842227
11|28|0.036407478
11|29|0.044565762
11|30|0.053438456
12|1|0.04509729
12|2|0.057432768
12|3|0.077215652
12|4|0.076524528
12|5|0.075039259
12|6|0.080707864
12|7|0.073779867
12|8|0.077774109
12|9|0.08566397
12|10|0.086261091
12|11|0.085879665
12|12|0.082853563
12|13|0.084486884
12|14|0.085592077
12|15|0.082591347
12|16|0.079607239
12|17|0.104699796
12|18|0.085524353
12|19|0.06644244
12|20|0.058273068
12|21|0.063124935
12|22|0.067968264
12|23|0.054720784
12|24|0.046624141
12|25|0.071186705
12|26|0.06092678
12|27|0.060055568
12|28|0.058983007
12|29|0.056626722
12|30|0.061957043
13|1|0.04509729
13|2|0.050700851
13|3|0.048065086
13|4|0.058634181
13|5|0.055713095
13|6|0.05008182
13|7|0.058641383
13|8|0.049517267
13|9|0.048705028
13|10|0.0601019
13|11|0.072794635
13|12|0.070367157
13|13|0.065330526
13|14|0.069079485
13|15|0.069925434
13|16|0.066503369
13|17|0.061041115
13|18|0.067203666
13|19|0.057120183
13|20|0.049221219
13|21|0.048199202
13|22|0.044884662
13|23|0.038572963
13|24|0.02518055
13|25|0.029297499
13|26|0.030379286
13|27|0.03367279
13|28|0.036107177
13|29|0.038044115
13|30|0.04101107
14|1|0.04509729
14|2|0.046668133
14|3|0.040458141
14|4|0.033303762
14|5|0.03467753
14|6|0.038609651
14|7|0.058987123
14|8|0.067973431
14|9|0.070357846
14|10|0.074673286
14|11|0.059776568
14|12|0.055136758
14|13|0.06237135
14|14|0.065730005
14|15|0.063412626
14|16|0.060074101
14|17|0.061013303
14|18|0.045429564
14|19|0.048105013
14|20|0.046056427
14|21|0.044428813
14|22|0.056833345
14|23|0.065138555
14|24|0.073523932
14|25|0.091930952
14|26|0.094904826
14|27|0.084219264
14|28|0.082337486
14|29|0.096573386
14|30|0.077420126
15|1|0.04509729
15|2|0.048899609
15|3|0.054870731
15|4|0.054176546
15|5|0.050978655
15|6|0.047324022
15|7|0.056482817
15|8|0.051459516
15|9|0.050792082
15|10|0.0613584
15|11|0.05835331
15|12|0.055203527
15|13|0.057000919
15|14|0.049054263
15|15|0.047631061
15|16|0.051643072
15|17|0.056442732
15|18|0.051918948
15|19|0.062666154
15|20|0.060974161
15|21|0.056727461
15|22|0.050138181
15|23|0.056282396
15|24|0.034157811
15|25|0.027509637
15|26|0.02617913
15|27|0.030636116
15|28|0.035722449
15|29|0.040537705
15|30|0.060302684
16|1|0.04509729
16|2|0.05924029
16|3|0.055378164
16|4|0.036758732
16|5|0.026837689
16|6|0.032695975
16|7|0.035076308
16|8|0.031028021
16|9|0.038405836
16|10|0.037469566
16|11|0.039774834
16|12|0.038947008
16|13|0.06091648
16|14|0.061605667
16|15|0.060100871
16|16|0.066116136
16|17|0.069687542
16|18|0.066099615
16|19|0.065429615
16|20|0.065349105
16|21|0.063314662
16|22|0.057090366
16|23|0.064311007
16|24|0.057990188
16|25|0.052831958
16|26|0.057577765
16|27|0.065606128
16|28|0.075589892
16|29|0.081797609
16|30|0.081442966
17|1|0.04509729
17|2|0.05010129
17|3|0.053771027
17|4|0.057273385
17|5|0.053719701
17|6|0.074375783
17|7|0.08091163
17|8|0.088979906
17|9|0.087101298
17|10|0.080900193
17|11|0.085400372
17|12|0.08371223
17|13|0.073361269
17|14|0.0816104
17|15|0.080121626
17|16|0.079070121
17|17|0.080163197
17|18|0.072734561
17|19|0.066711988
17|20|0.061473788
17|21|0.05604397
17|22|0.055781938
17|23|0.060376825
17|24|0.065299562
17|25|0.052147676
17|26|0.043252853
17|27|0.037061163
17|28|0.038193891
17|29|0.042003037
17|30|0.06093914
18|1|0.04509729
18|2|0.041211058
18|3|0.030769112
18|4|0.034126286
18|5|0.027914127
18|6|0.026489133
18|7|0.024862646
18|8|0.023481247
18|9|0.029246772
18|10|0.027144751
18|11|0.031134641
18|12|0.035363231
18|13|0.036537791
18|14|0.036439037
18|15|0.029911389
18|16|0.027445777
18|17|0.028942439
18|18|0.029296484
18|19|0.02476445
18|20|0.025451921
18|21|0.021371986
18|22|0.019907099
18|23|0.021578165
18|24|0.024002325
18|25|0.02819093
18|26|0.030165116
18|27|0.028291318
18|28|0.039912497
18|29|0.04060809
18|30|0.037056071
19|1|0.04509729
19|2|0.046128022
19|3|0.050227338
19|4|0.044816176
19|5|0.04293318
19|6|0.037969741
19|7|0.04435932
19|8|0.051576415
19|9|0.074279389
19|10|0.082587185
19|11|0.075898972
19|12|0.070165422
19|13|0.073025621
19|14|0.089113483
19|15|0.067250154
19|16|0.066665512
19|17|0.066684102
19|18|0.068582207
19|19|0.064697913
19|20|0.072273712
19|21|0.062996054
19|22|0.05178562
19|23|0.050436408
19|24|0.052749873
19|25|0.060074101
19|26|0.058528207
19|27|0.066191512
19|28|0.084672259
19|29|0.074169526
19|30|0.077711821
20|1|0.04509729
20|2|0.042087764
20|3|0.042336861
20|4|0.047536898
20|5|0.055621652
20|6|0.060086456
20|7|0.055648365
20|8|0.052906863
20|9|0.046123931
20|10|0.042191891
20|11|0.039931873
20|12|0.036643677
20|13|0.034294085
20|14|0.04041122
20|15|0.036202862
20|16|0.041905044
20|17|0.041569248
20|18|0.029850499
20|19|0.026434423
20|20|0.027991182
20|21|0.020867744
20|22|0.019741482
20|23|0.022820732
20|24|0.020995056
20|25|0.02816051
20|26|0.029288368
20|27|0.027142724
20|28|0.027422464
20|29|0.029769315
20|30|0.033640256
21|1|0.04509729
21|2|0.056898111
21|3|0.052722171
21|4|0.062629044
21|5|0.056992694
21|6|0.051804081
21|7|0.05552713
21|8|0.057223002
21|9|0.062725945
21|10|0.057824592
21|11|0.05906945
21|12|0.054620141
21|13|0.062856872
21|14|0.078247562
21|15|0.087678998
21|16|0.09945186
21|17|0.098046207
21|18|0.080049916
21|19|0.063498219
21|20|0.071982754
21|21|0.061269802
21|22|0.061008153
21|23|0.080700587
21|24|0.064191339
21|25|0.054554417
21|26|0.063961305
21|27|0.067658259
21|28|0.066654151
21|29|0.056889887
21|30|0.066482715
22|1|0.04509729
22|2|0.053018712
22|3|0.058274097
22|4|0.063311569
22|5|0.056601024
22|6|0.057747455
22|7|0.062541424
22|8|0.062402271
22|9|0.066389774
22|10|0.072743883
22|11|0.067210897
22|12|0.058502486
22|13|0.057436881
22|14|0.060680621
22|15|0.063006364
22|16|0.071650427
22|17|0.04726876
22|18|0.047933027
22|19|0.046889127
22|20|0.040920265
22|21|0.04410896
22|22|0.059019024
22|23|0.062955845
22|24|0.068506747
22|25|0.073462802
22|26|0.062965124
22|27|0.076531791
22|28|0.077766842
22|29|0.067206765
22|30|0.066679971
23|1|0.04509729
23|2|0.05475981
23|3|0.070226458
23|4|0.064439968
23|5|0.059765244
23|6|0.05826381
23|7|0.065587547
23|8|0.068452996
23|9|0.066361892
23|10|0.060808332
23|11|0.058380058
23|12|0.065505999
23|13|0.06473506
23|14|0.069460018
23|15|0.067521871
23|16|0.073002832
23|17|0.07803055
23|18|0.07523212
23|19|0.077746079
23|20|0.08419115
23|21|0.081016639
23|22|0.075053775
23|23|0.075977805
23|24|0.088859902
23|25|0.049636108
23|26|0.063765332
23|27|0.051159093
23|28|0.039524004
23|29|0.0345453
23|30|0.050984806
24|1|0.04509729
24|2|0.038284576
24|3|0.036268011
24|4|0.023681568
24|5|0.027340362
24|6|0.026670496
24|7|0.034680582
24|8|0.04488364
24|9|0.044969506
24|10|0.049774422
24|11|0.046550483
24|12|0.050885366
24|13|0.056365645
24|14|0.066066575
24|15|0.071005591
24|16|0.068722798
24|17|0.053182905
24|18|0.05342306
24|19|0.06031916
24|20|0.043125182
24|21|0.046586289
24|22|0.046209848
24|23|0.054317213
24|24|0.056376951
24|25|0.063368284
24|26|0.068635961
24|27|0.074298046
24|28|0.084462932
24|29|0.084361921
24|30|0.126956343
25|1|0.04509729
25|2|0.052777576
25|3|0.033455228
25|4|0.026931931
25|5|0.023274876
25|6|0.024985145
25|7|0.024573133
25|8|0.02453062
25|9|0.016228311
25|10|0.017426264
25|11|0.015095543
25|12|0.016025696
25|13|0.026546884
25|14|0.031776504
25|15|0.038675895
25|16|0.04128963
25|17|0.046297815
25|18|0.049233511
25|19|0.054295651
25|20|0.067390657
25|21|0.062744501
25|22|0.073453478
25|23|0.0705865
25|24|0.073474199
25|25|0.071672167
25|26|0.074524011
25|27|0.074121851
25|28|0.06795483
25|29|0.061609789
25|30|0.076143779
26|1|0.04509729
26|2|0.05324756
26|3|0.060649725
26|4|0.062738316
26|5|0.063569377
26|6|0.055199418
26|7|0.052224608
26|8|0.056451982
26|9|0.059727154
26|10|0.053956837
26|11|0.058109507
26|12|0.047791763
26|13|0.055069992
26|14|0.055330908
26|15|0.057668265
26|16|0.05469819
26|17|0.047464231
26|18|0.0395342
26|19|0.034337817
26|20|0.032578097
26|21|0.028049989
26|22|0.03098436
26|23|0.031620082
26|24|0.034435453
26|25|0.030707181
26|26|0.029149381
26|27|0.04040306
26|28|0.044167204
26|29|0.038596402
26|30|0.037247532
27|1|0.04509729
27|2|0.057262074
27|3|0.05995673
27|4|0.056731573
27|5|0.052222557
27|6|0.053742284
27|7|0.055673024
27|8|0.057463617
27|9|0.071666991
27|10|0.071916492
27|11|0.116820956
27|12|0.139494336
27|13|0.136669426
27|14|0.134073775
27|15|0.126667611
27|16|0.109495662
27|17|0.110796901
27|18|0.090564579
27|19|0.099412015
27|20|0.078737736
27|21|0.075856445
27|22|0.058404749
27|23|0.060561157
27|24|0.066782221
27|25|0.068762082
27|26|0.067377226
27|27|0.05980951
27|28|0.065061152
27|29|0.076089836
27|30|0.096031017
28|1|0.04509729
28|2|0.046705986
28|3|0.051682041
28|4|0.055648365
28|5|0.071151516
28|6|0.059068421
28|7|0.057633299
28|8|0.060708429
28|9|0.070141629
28|10|0.074499133
28|11|0.077711821
28|12|0.072792563
28|13|0.075541149
28|14|0.078106346
28|15|0.076646963
28|16|0.091793022
28|17|0.081327537
28|18|0.06557103
28|19|0.071358519
28|20|0.075480999
28|21|0.05805499
28|22|0.06088661
28|23|0.054840946
28|24|0.057555141
28|25|0.055090535
28|26|0.057455391
28|27|0.061291436
28|28|0.070319566
28|29|0.061479969
28|30|0.068690751
29|1|0.04509729
29|2|0.047229872
29|3|0.047907435
29|4|0.048799244
29|5|0.048281109
29|6|0.053501066
29|7|0.060491129
29|8|0.05309465
29|9|0.04324366
29|10|0.046063587
29|11|0.040057308
29|12|0.046802159
29|13|0.046854339
29|14|0.05455339
29|15|0.057487269
29|16|0.072539853
29|17|0.078364903
29|18|0.073026657
29|19|0.058018989
29|20|0.073768468
29|21|0.068643198
29|22|0.077593477
29|23|0.100214286
29|24|0.120041222
29|25|0.113282435
29|26|0.165255481
29|27|0.157365004
29|28|0.16568407
29|29|0.144752345
29|30|0.138097445
30|1|0.04509729
30|2|0.03054475
30|3|0.04798114
30|4|0.047214522
30|5|0.041755001
30|6|0.05490976
30|7|0.046568897
30|8|0.046442047
30|9|0.042715667
30|10|0.048663042
30|11|0.046534115
30|12|0.056343034
30|13|0.048717317
30|14|0.046574012
30|15|0.039809504
30|16|0.042938286
30|17|0.037655972
30|18|0.037700793
30|19|0.046036995
30|20|0.052228712
30|21|0.056997835
30|22|0.063064103
30|23|0.064228477
30|24|0.066438309
30|25|0.076324289
30|26|0.076645926
30|27|0.06259915
30|28|0.056921756
30|29|0.069805451
30|30|0.05197741
31|1|0.04509729
31|2|0.046570943
31|3|0.048704004
31|4|0.040544845
31|5|0.041099838
31|6|0.038113398
31|7|0.038862409
31|8|0.040209269
31|9|0.037607077
31|10|0.030329548
31|11|0.030109293
31|12|0.030967099
31|13|0.033954434
31|14|0.044333771
31|15|0.040633593
31|16|0.034608363
31|17|0.034907428
31|18|0.041715195
31|19|0.040097082
31|20|0.049165907
31|21|0.039024475
31|22|0.040531584
31|23|0.051493354
31|24|0.048462339
31|25|0.054852244
31|26|0.045716896
31|27|0.053382006
31|28|0.050033658
31|29|0.061298647
31|30|0.060986522
32|1|0.04509729
32|2|0.050574776
32|3|0.048368138
32|4|0.046506494
32|5|0.053254744
32|6|0.04848589
32|7|0.043067988
32|8|0.047776408
32|9|0.041114123
32|10|0.034578865
32|11|0.03189332
32|12|0.025678767
32|13|0.022707464
32|14|0.022215025
32|15|0.030807692
32|16|0.033496909
32|17|0.033140109
32|18|0.036936927
32|19|0.038210193
32|20|0.039792169
32|21|0.035569799
32|22|0.04204489
32|23|0.044886707
32|24|0.038793101
32|25|0.048706052
32|26|0.044096698
32|27|0.045570668
32|28|0.046170981
32|29|0.045284379
32|30|0.031062545
33|1|0.04509729
33|2|0.05800356
33|3|0.047551227
33|4|0.045075822
33|5|0.048355852
33|6|0.062634198
33|7|0.071399922
33|8|0.069484837
33|9|0.075559816
33|10|0.046679386
33|11|0.037792476
33|12|0.028482982
33|13|0.040657056
33|14|0.037213923
33|15|0.042878034
33|16|0.052460551
33|17|0.066464127
33|18|0.063047606
33|19|0.057729972
33|20|0.065820853
33|21|0.06087219
33|22|0.061491302
33|23|0.074758294
33|24|0.076357488
33|25|0.075769319
33|26|0.076195648
33|27|0.064019069
33|28|0.067793622
33|29|0.071391641
33|30|0.060411836
34|1|0.04509729
34|2|0.033831401
34|3|0.035382564
34|4|0.038008456
34|5|0.041555981
34|6|0.045761891
34|7|0.047233966
34|8|0.048621056
34|9|0.059256757
34|10|0.054338776
34|11|0.042110222
34|12|0.044092611
34|13|0.035877146
34|14|0.03689925
34|15|0.039803386
34|16|0.052095364
34|17|0.059462607
34|18|0.059374089
34|19|0.0511878
34|20|0.04456474
34|21|0.045430586
34|22|0.05449383
34|23|0.052030745
34|24|0.052856584
34|25|0.043955693
34|26|0.032207233
34|27|0.037041814
34|28|0.03823261
34|29|0.03713856
34|30|0.044820265
35|1|0.04509729
35|2|0.047579885
35|3|0.039199806
35|4|0.041745815
35|5|0.05498782
35|6|0.062457932
35|7|0.08788029
35|8|0.094932032
35|9|0.09681006
35|10|0.091927817
35|11|0.093233354
35|12|0.090513408
35|13|0.098204442
35|14|0.107333185
35|15|0.093000203
35|16|0.111400893
35|17|0.109222868
35|18|0.09453444
35|19|0.103020862
35|20|0.116109845
35|21|0.090916536
35|22|0.117706728
35|23|0.110878056
35|24|0.114050696
35|25|0.182888986
35|26|0.082895188
35|27|0.058697974
35|28|0.072447684
35|29|0.080321178
35|30|0.083646647
36|1|0.04509729
36|2|0.056577382
36|3|0.06886133
36|4|0.062847593
36|5|0.053834673
36|6|0.059324685
36|7|0.072295457
36|8|0.07500297
36|9|0.089335783
36|10|0.097883792
36|11|0.100526884
36|12|0.113762567
36|13|0.093609795
36|14|0.089921384
36|15|0.093029476
36|16|0.085529563
36|17|0.062603273
36|18|0.051943563
36|19|0.046868664
36|20|0.042494093
36|21|0.045864156
36|22|0.051790748
36|23|0.053999956
36|24|0.067926927
36|25|0.074217202
36|26|0.077267547
36|27|0.091366749
36|28|0.099504288
36|29|0.092393916
36|30|0.10399991
37|1|0.04509729
37|2|0.03975342
37|3|0.039528083
37|4|0.045630999
37|5|0.059361738
37|6|0.064488459
37|7|0.073672101
37|8|0.067707857
37|9|0.080839894
37|10|0.078828098
37|11|0.065237635
37|12|0.055708986
37|13|0.0471521
37|14|0.050035708
37|15|0.051860488
37|16|0.046012449
37|17|0.03994309
37|18|0.033373903
37|19|0.030452373
37|20|0.033572139
37|21|0.035578958
37|22|0.038725834
37|23|0.039316022
37|24|0.033344423
37|25|0.029141265
37|26|0.044331728
37|27|0.046524908
37|28|0.057052325
37|29|0.043707424
37|30|0.045078889
38|1|0.04509729
38|2|0.052083056
38|3|0.060370646
38|4|0.053936305
38|5|0.063621974
38|6|0.059027257
38|7|0.059929962
38|8|0.064054141
38|9|0.060008207
38|10|0.066250369
38|11|0.077509395
38|12|0.081479363
38|13|0.069620316
38|14|0.072377265
38|15|0.068924397
38|16|0.07651519
38|17|0.091675998
38|18|0.086879226
38|19|0.08162288
38|20|0.069965775
38|21|0.072250931
38|22|0.073079487
38|23|0.073651377
38|24|0.076180087
38|25|0.08421614
38|26|0.079442037
38|27|0.08708253
38|28|0.079834801
38|29|0.074472182
38|30|0.074420354
39|1|0.04509729
39|2|0.050520453
39|3|0.041831552
39|4|0.044116112
39|5|0.042291939
39|6|0.037581611
39|7|0.051131411
39|8|0.036463471
39|9|0.033301729
39|10|0.036050176
39|11|0.043790177
39|12|0.043974084
39|13|0.031101131
39|14|0.029925597
39|15|0.029102716
39|16|0.032401293
39|17|0.031462656
39|18|0.030735608
39|19|0.032629922
39|20|0.028183832
39|21|0.040695821
39|22|0.035500602
39|23|0.037704868
39|24|0.034269677
39|25|0.037667177
39|26|0.039696319
39|27|0.040706023
39|28|0.044373627
39|29|0.039309906
39|30|0.048124465
40|1|0.04509729
40|2|0.054211456
40|3|0.050804383
40|4|0.054697163
40|5|0.050525577
40|6|0.045768026
40|7|0.049311361
40|8|0.05304334
40|9|0.055439804
40|10|0.052028694
40|11|0.056470483
40|12|0.053486696
40|13|0.061640699
40|14|0.064747442
40|15|0.078129189
40|16|0.066289608
40|17|0.074503279
40|18|0.059453344
40|19|0.05643862
40|20|0.059243377
40|21|0.054159092
40|22|0.080463579
40|23|0.078319212
40|24|0.090305607
40|25|0.07807312
40|26|0.112883634
40|27|0.10083428
40|28|0.090769271
40|29|0.10680815
40|30|0.12323433
41|1|0.04509729
41|2|0.054381903
41|3|0.076112658
41|4|0.081887059
41|5|0.09994683
41|6|0.093165393
41|7|0.10607289
41|8|0.099379511
41|9|0.098196059
41|10|0.090080077
41|11|0.089539316
41|12|0.083514446
41|13|0.076498589
41|14|0.074446268
41|15|0.078184221
41|16|0.067003263
41|17|0.067469178
41|18|0.058171227
41|19|0.055185037
41|20|0.066495108
41|21|0.050940724
41|22|0.041541693
41|23|0.043910737
41|24|0.045919381
41|25|0.041396779
41|26|0.031205723
41|27|0.033520291
41|28|0.026505344
41|29|0.031003652
41|30|0.028212224
42|1|0.04509729
42|2|0.050118711
42|3|0.052719092
42|4|0.052402076
42|5|0.041620278
42|6|0.047172566
42|7|0.044996085
42|8|0.048342541
42|9|0.05539871
42|10|0.04985844
42|11|0.042133702
42|12|0.051098603
42|13|0.059507897
42|14|0.054546202
42|15|0.054876893
42|16|0.059857896
42|17|0.063077506
42|18|0.063046575
42|19|0.055945318
42|20|0.062485762
42|21|0.065424454
42|22|0.066280314
42|23|0.062062158
42|24|0.065140619
42|25|0.070414748
42|26|0.062554825
42|27|0.060633247
42|28|0.06506012
42|29|0.05940085
42|30|0.059740537
43|1|0.04509729
43|2|0.05066395
43|3|0.054591386
43|4|0.054410654
43|5|0.051387738
43|6|0.042612535
43|7|0.038006418
43|8|0.032538467
43|9|0.030467599
43|10|0.033224475
43|11|0.02584284
43|12|0.019732393
43|13|0.018097144
43|14|0.018837891
43|15|0.020379789
43|16|0.030539674
43|17|0.029484183
43|18|0.027503555
43|19|0.032956143
43|20|0.025024629
43|21|0.034486307
43|22|0.035122091
43|23|0.036512339
43|24|0.034767045
43|25|0.032891098
43|26|0.036459398
43|27|0.038834889
43|28|0.035536218
43|29|0.041212078
43|30|0.037016356
44|1|0.04509729
44|2|0.052504665
44|3|0.056676063
44|4|0.059559364
44|5|0.064908419
44|6|0.063075444
44|7|0.06155106
44|8|0.065566901
44|9|0.059942316
44|10|0.050510203
44|11|0.042298065
44|12|0.033353572
44|13|0.028787247
44|14|0.034285949
44|15|0.039921675
44|16|0.059915548
44|17|0.066811141
44|18|0.070758266
44|19|0.103684718
44|20|0.090567712
44|21|0.086885481
44|22|0.078532099
44|23|0.076745539
44|24|0.061235807
44|25|0.048138798
44|26|0.033199063
44|27|0.03021282
44|28|0.028486024
44|29|0.033289531
44|30|0.041815221
45|1|0.04509729
45|2|0.048587264
45|3|0.047577838
45|4|0.037494012
45|5|0.029649575
45|6|0.043057775
45|7|0.052507743
45|8|0.063520907
45|9|0.074770734
45|10|0.074717863
45|11|0.082459211
45|12|0.064620526
45|13|0.053300927
45|14|0.047429434
45|15|0.037059126
45|16|0.04035512
45|17|0.033890374
45|18|0.038275406
45|19|0.038864447
45|20|0.033051681
45|21|0.026137597
45|22|0.035352038
45|23|0.043502089
45|24|0.052043053
45|25|0.047355747
45|26|0.053602682
45|27|0.049771348
45|28|0.063470375
45|29|0.080253619
45|30|0.072383478
46|1|0.04509729
46|2|0.050720327
46|3|0.059449226
46|4|0.053185984
46|5|0.045968471
46|6|0.045686218
46|7|0.055918601
46|8|0.084171366
46|9|0.078759547
46|10|0.081019758
46|11|0.08618084
46|12|0.100194357
46|13|0.092046945
46|14|0.081668641
46|15|0.096265539
46|16|0.103185757
46|17|0.107720465
46|18|0.116940377
46|19|0.102330956
46|20|0.086589421
46|21|0.095752556
46|22|0.094216418
46|23|0.129089007
46|24|0.110411191
46|25|0.098751542
46|26|0.10112283
46|27|0.099237966
46|28|0.115613363
46|29|0.11636341
46|30|0.126897956
47|1|0.04509729
47|2|0.056490012
47|3|0.050962252
47|4|0.047121401
47|5|0.043947519
47|6|0.042093889
47|7|0.030989437
47|8|0.036929799
47|9|0.042508387
47|10|0.038596402
47|11|0.041448824
47|12|0.039038746
47|13|0.046372487
47|14|0.045974607
47|15|0.044973595
47|16|0.044341947
47|17|0.034815873
47|18|0.040532604
47|19|0.040924346
47|20|0.035993176
47|21|0.031386487
47|22|0.030896024
47|23|0.045803819
47|24|0.051330318
47|25|0.054236098
47|26|0.073383026
47|27|0.063889102
47|28|0.05490257
47|29|0.047034423
47|30|0.051346724
48|1|0.04509729
48|2|0.038483284
48|3|0.045583961
48|4|0.047860346
48|5|0.050823859
48|6|0.053095676
48|7|0.044795733
48|8|0.049293947
48|9|0.046374533
48|10|0.041393717
48|11|0.046274289
48|12|0.043991454
48|13|0.060312981
48|14|0.061586091
48|15|0.056720265
48|16|0.070291633
48|17|0.062394026
48|18|0.058986094
48|19|0.071323327
48|20|0.063095034
48|21|0.074680542
48|22|0.088050308
48|23|0.083471769
48|24|0.076827516
48|25|0.078933006
48|26|0.073364377
48|27|0.070404402
48|28|0.075331668
48|29|0.077817712
48|30|0.061830294
49|1|0.04509729
49|2|0.04669064
49|3|0.055161411
49|4|0.082744303
49|5|0.067757456
49|6|0.055649393
49|7|0.04671724
49|8|0.057929502
49|9|0.054050262
49|10|0.052679078
49|11|0.048460291
49|12|0.048062015
49|13|0.04659345
49|14|0.049518292
49|15|0.056073771
49|16|0.070049563
49|17|0.067809122
49|18|0.078322327
49|19|0.065922029
49|20|0.064515285
49|21|0.060741386
49|22|0.069803382
49|23|0.071621442
49|24|0.070598917
49|25|0.062818727
49|26|0.071039743
49|27|0.071320222
49|28|0.06753117
49|29|0.064301723
49|30|0.053894214
50|1|0.04509729
50|2|0.056366673
50|3|0.062935225
50|4|0.058426354
50|5|0.05193741
50|6|0.050518403
50|7|0.04004507
50|8|0.032290544
50|9|0.027487336
50|10|0.026085936
50|11|0.026657324
50|12|0.032448033
50|13|0.030886886
50|14|0.038185739
50|15|0.036141786
50|16|0.040247006
50|17|0.039292575
50|18|0.049726267
50|19|0.054403466
50|20|0.054788567
50|21|0.062731099
50|22|0.059228969
50|23|0.074026504
50|24|0.073263884
50|25|0.066935089
50|26|0.050582975
50|27|0.054126237
50|28|0.062245606
50|29|0.044356254
50|30|0.029797729
51|1|0.04509729
51|2|0.033986973
51|3|0.034250354
51|4|0.044570872
51|5|0.039949209
51|6|0.039121313
51|7|0.046295769
51|8|0.054663273
51|9|0.046008358
51|10|0.048664066
51|11|0.048498177
51|12|0.043831044
51|13|0.051133462
51|14|0.0532999
51|15|0.058085849
51|16|0.067191269
51|17|0.076584707
51|18|0.070363018
51|19|0.068558432
51|20|0.045209746
51|21|0.048890392
51|22|0.059881575
51|23|0.049556197
51|24|0.048716293
51|25|0.044765069
51|26|0.049904549
51|27|0.039398601
51|28|0.038339601
51|29|0.047740582
51|30|0.05438909
52|1|0.04509729
52|2|0.060561157
52|3|0.057699118
52|4|0.045762913
52|5|0.044189685
52|6|0.035118021
52|7|0.03355079
52|8|0.040802939
52|9|0.043042456
52|10|0.046155638
52|11|0.048799244
52|12|0.049206879
52|13|0.042623767
52|14|0.040905982
52|15|0.047106052
52|16|0.065641225
52|17|0.08082222
52|18|0.100104153
52|19|0.105232741
52|20|0.096355585
52|21|0.102614453
52|22|0.103605927
52|23|0.117438211
52|24|0.144019559
52|25|0.17571408
52|26|0.139545575
52|27|0.118565353
52|28|0.128057472
52|29|0.135454343
52|30|0.136776043
53|1|0.04509729
53|2|0.048395784
53|3|0.052363093
53|4|0.050864864
53|5|0.053639634
53|6|0.053744337
53|7|0.054411681
53|8|0.049978325
53|9|0.045748597
53|10|0.060344903
53|11|0.066211131
53|12|0.073445189
53|13|0.060644575
53|14|0.063359003
53|15|0.05984966
53|16|0.061430516
53|17|0.074682616
53|18|0.086669687
53|19|0.132646155
53|20|0.132337541
53|21|0.114285026
53|22|0.098588026
53|23|0.073939452
53|24|0.075584707
53|25|0.089955836
53|26|0.068018903
53|27|0.062429071
53|28|0.068333094
53|29|0.065479161
53|30|0.067075571
54|1|0.04509729
54|2|0.054353151
54|3|0.059570687
54|4|0.081008321
54|5|0.078102192
54|6|0.060260466
54|7|0.060575575
54|8|0.064984784
54|9|0.05171896
54|10|0.046990424
54|11|0.03716402
54|12|0.046407267
54|13|0.044226472
54|14|0.045010396
54|15|0.051396967
54|16|0.050575801
54|17|0.050293951
54|18|0.046081997
54|19|0.049950658
54|20|0.044529991
54|21|0.043825936
54|22|0.039168205
54|23|0.048410119
54|24|0.051297508
54|25|0.056407785
54|26|0.071182565
54|27|0.067564233
54|28|0.069968878
54|29|0.089993421
54|30|0.094189221
55|1|0.04509729
55|2|0.044011889
55|3|0.043823892
55|4|0.048684547
55|5|0.036488923
55|6|0.031741968
55|7|0.030491962
55|8|0.037264845
55|9|0.030702105
55|10|0.036401369
55|11|0.034251371
55|12|0.033402366
55|13|0.037046906
55|14|0.028312613
55|15|0.030838151
55|16|0.025678767
55|17|0.023602652
55|18|0.0251603
55|19|0.035501619
55|20|0.030387406
55|21|0.040917204
55|22|0.038366095
55|23|0.037777195
55|24|0.04321404
55|25|0.043174207
55|26|0.046543322
55|27|0.047723181
55|28|0.043699251
55|29|0.056137487
55|30|0.034629723
56|1|0.04509729
56|2|0.041961185
56|3|0.032376908
56|4|0.047182799
56|5|0.046210871
56|6|0.050036732
56|7|0.046355097
56|8|0.049630985
56|9|0.053760761
56|10|0.053636555
56|11|0.035199415
56|12|0.02832681
56|13|0.026183182
56|14|0.020996067
56|15|0.027183264
56|16|0.024420295
56|17|0.032649229
56|18|0.034051036
56|19|0.04703647
56|20|0.055075127
56|21|0.046153593
56|22|0.046797043
56|23|0.053402533
56|24|0.04949268
56|25|0.03875539
56|26|0.047781527
56|27|0.053525699
56|28|0.05506691
56|29|0.059560393
56|30|0.0623126
57|1|0.04509729
57|2|0.042334819
57|3|0.038122568
57|4|0.05030215
57|5|0.056121044
57|6|0.060458176
57|7|0.067206765
57|8|0.062693988
57|9|0.054837865
57|10|0.055827149
57|11|0.055892912
57|12|0.056417036
57|13|0.055001173
57|14|0.051886128
57|15|0.043931171
57|16|0.035962642
57|17|0.035674618
57|18|0.037064218
57|19|0.033130961
57|20|0.031543907
57|21|0.037859713
57|22|0.04606461
57|23|0.03694711
57|24|0.033412532
57|25|0.039158011
57|26|0.042180661
57|27|0.040476501
57|28|0.04587745
57|29|0.047291274
57|30|0.050749029
58|1|0.04509729
58|2|0.052461577
58|3|0.046799089
58|4|0.052472862
58|5|0.053410744
58|6|0.044312311
58|7|0.059364826
58|8|0.055532267
58|9|0.061736525
58|10|0.057870875
58|11|0.063998439
58|12|0.070796553
58|13|0.084911811
58|14|0.077468912
58|15|0.067495008
58|16|0.07571746
58|17|0.053517488
58|18|0.054352125
58|19|0.0549416
58|20|0.059423494
58|21|0.065170549
58|22|0.064059299
58|23|0.075192717
58|24|0.075546334
58|25|0.082623602
58|26|0.090666923
58|27|0.089307603
58|28|0.094274998
58|29|0.091753317
58|30|0.082969073
59|1|0.04509729
59|2|0.046989401
59|3|0.054364447
59|4|0.05741323
59|5|0.052116904
59|6|0.053359427
59|7|0.061120431
59|8|0.071942375
59|9|0.071481695
59|10|0.089214715
59|11|0.083130381
59|12|0.083036717
59|13|0.085196184
59|14|0.083155359
59|15|0.074396514
59|16|0.07948983
59|17|0.076693657
59|18|0.063012551
59|19|0.064962081
59|20|0.089766879
59|21|0.089440156
59|22|0.080247383
59|23|0.054354178
59|24|0.04727797
59|25|0.046042109
59|26|0.055881609
59|27|0.051301609
59|28|0.050076697
59|29|0.052937646
59|30|0.070213009
60|1|0.04509729
60|2|0.042855567
60|3|0.041683556
60|4|0.046650741
60|5|0.05269139
60|6|0.046288609
60|7|0.057508864
60|8|0.0711836
60|9|0.082691235
60|10|0.085588951
60|11|0.088845293
60|12|0.101970864
60|13|0.1140032
60|14|0.126047812
60|15|0.136457272
60|16|0.135168786
60|17|0.138301216
60|18|0.1481969
60|19|0.159308731
60|20|0.166213167
60|21|0.168592349
60|22|0.160748742
60|23|0.166464801
60|24|0.179064793
60|25|0.190727261
60|26|0.142112209
60|27|0.189222965
60|28|0.178701062
60|29|0.175605652
60|30|0.18807711
61|1|0.04509729
61|2|0.043152758
61|3|0.040540765
61|4|0.042504303
61|5|0.039091752
61|6|0.041992829
61|7|0.050605525
61|8|0.051516939
61|9|0.040561166
61|10|0.037767008
61|11|0.044280632
61|12|0.032900244
61|13|0.047325045
61|14|0.037060145
61|15|0.041412086
61|16|0.04810706
61|17|0.054457889
61|18|0.057831792
61|19|0.057209635
61|20|0.050303175
61|21|0.051884077
61|22|0.080645491
61|23|0.07629524
61|24|0.087677955
61|25|0.125276485
61|26|0.146469157
61|27|0.117547094
61|28|0.113698192
61|29|0.10505613
61|30|0.085803596
62|1|0.04509729
62|2|0.061435668
62|3|0.038686086
62|4|0.037750709
62|5|0.036280226
62|6|0.045688263
62|7|0.044875463
62|8|0.055127514
62|9|0.057290865
62|10|0.057770082
62|11|0.06110395
62|12|0.084068287
62|13|0.09704257
62|14|0.104696643
62|15|0.105860457
62|16|0.127376768
62|17|0.1025084
62|18|0.09998983
62|19|0.0851691
62|20|0.0787502
62|21|0.062818727
62|22|0.054771107
62|23|0.051775365
62|24|0.041341673
62|25|0.036481796
62|26|0.043634891
62|27|0.039061171
62|28|0.036490959
62|29|0.041676411
62|30|0.028384613
63|1|0.04509729
63|2|0.059155897
63|3|0.06845713
63|4|0.067189203
63|5|0.067121023
63|6|0.083285456
63|7|0.100719919
63|8|0.10368892
63|9|0.095691843
63|10|0.092574739
63|11|0.098015819
63|12|0.102190272
63|13|0.102093687
63|14|0.109092275
63|15|0.125334829
63|16|0.136141744
63|17|0.130273038
63|18|0.127427734
63|19|0.119336492
63|20|0.118429981
63|21|0.123109274
63|22|0.124324097
63|23|0.116774457
63|24|0.115277508
63|25|0.085094097
63|26|0.085155557
63|27|0.06273213
63|28|0.07352186
63|29|0.045928585
63|30|0.052437981
64|1|0.04509729
64|2|0.046059496
64|3|0.036839172
64|4|0.034249337
64|5|0.035674618
64|6|0.032631954
64|7|0.036898232
64|8|0.036419694
64|9|0.025941088
64|10|0.022927937
64|11|0.02705962
64|12|0.028722333
64|13|0.026611729
64|14|0.022207948
64|15|0.021007182
64|16|0.020191912
64|17|0.020307061
64|18|0.019138707
64|19|0.026486093
64|20|0.030487902
64|21|0.0430302
64|22|0.046647671
64|23|0.036080712
64|24|0.030645253
64|25|0.032671586
64|26|0.036438019
64|27|0.040230687
64|28|0.04260743
64|29|0.035185171
64|30|0.033074042
65|1|0.04509729
65|2|0.051496431
65|3|0.056195038
65|4|0.053507224
65|5|0.052486199
65|6|0.058596112
65|7|0.048417286
65|8|0.043597092
65|9|0.045930631
65|10|0.030725456
65|11|0.033851736
65|12|0.038600479
65|13|0.040561166
65|14|0.046926985
65|15|0.041099838
65|16|0.044682277
65|17|0.056719237
65|18|0.067949662
65|19|0.063656008
65|20|0.066362925
65|21|0.078494712
65|22|0.079163614
65|23|0.082141908
65|24|0.071495152
65|25|0.054596521
65|26|0.044226472
65|27|0.049659672
65|28|0.054599602
65|29|0.050446658
65|30|0.044671034
66|1|0.04509729
66|2|0.049229414
66|3|0.048378377
66|4|0.055427476
66|5|0.042180661
66|6|0.042947478
66|7|0.038088945
66|8|0.041729484
66|9|0.035274708
66|10|0.037220034
66|11|0.039842135
66|12|0.038323297
66|13|0.032523225
66|14|0.044782445
66|15|0.051095528
66|16|0.05800356
66|17|0.049145421
66|18|0.061714886
66|19|0.055639118
66|20|0.049635083
66|21|0.037079494
66|22|0.044016998
66|23|0.063518844
66|24|0.056874466
66|25|0.065238667
66|26|0.046644602
66|27|0.056686342
66|28|0.053027947
66|29|0.045802796
66|30|0.052930463
67|1|0.04509729
67|2|0.060333576
67|3|0.065082825
67|4|0.060653844
67|5|0.067220195
67|6|0.053215745
67|7|0.061269802
67|8|0.05561446
67|9|0.05857039
67|10|0.051869718
67|11|0.044796755
67|12|0.047599332
67|13|0.048742919
67|14|0.04886786
67|15|0.052284104
67|16|0.063398189
67|17|0.064216097
67|18|0.054317213
67|19|0.046785789
67|20|0.027534978
67|21|0.035283865
67|22|0.039459773
67|23|0.051582568
67|24|0.04682876
67|25|0.051558982
67|26|0.051706653
67|27|0.054937491
67|28|0.046111658
67|29|0.061737555
67|30|0.061357369
68|1|0.04509729
68|2|0.051092452
68|3|0.048087609
68|4|0.051696398
68|5|0.054961115
68|6|0.053302979
68|7|0.073453478
68|8|0.056141598
68|9|0.062729038
68|10|0.061545908
68|11|0.068315523
68|12|0.061816898
68|13|0.06002674
68|14|0.040674398
68|15|0.033777512
68|16|0.030758959
68|17|0.033613822
68|18|0.048348684
68|19|0.058111565
68|20|0.057685748
68|21|0.05257648
68|22|0.05293149
68|23|0.055234345
68|24|0.05442503
68|25|0.045806887
68|26|0.057302176
68|27|0.052024591
68|28|0.052345654
68|29|0.044113047
68|30|0.043833087
69|1|0.04509729
69|2|0.052306672
69|3|0.049535707
69|4|0.054044102
69|5|0.043636934
69|6|0.039253836
69|7|0.038161286
69|8|0.031584533
69|9|0.035193311
69|10|0.033396267
69|11|0.037327991
69|12|0.031251421
69|13|0.033865971
69|14|0.037352435
69|15|0.028885636
69|16|0.035435477
69|17|0.043117012
69|18|0.029557238
69|19|0.036736331
69|20|0.041683556
69|21|0.034120185
69|22|0.035538253
69|23|0.031769393
69|24|0.0387187
69|25|0.041333509
69|26|0.042227622
69|27|0.043411176
69|28|0.028010446
69|29|0.028888679
69|30|0.029060109
70|1|0.04509729
70|2|0.041080451
70|3|0.04874087
70|4|0.047322999
70|5|0.044486044
70|6|0.047407941
70|7|0.049303166
70|8|0.045767004
70|9|0.059003588
70|10|0.054641707
70|11|0.052320008
70|12|0.047986259
70|13|0.056091242
70|14|0.055548705
70|15|0.059028286
70|16|0.067530137
70|17|0.061275983
70|18|0.046441024
70|19|0.05411597
70|20|0.057304232
70|21|0.052281027
70|22|0.06626276
70|23|0.064201655
70|24|0.071292276
70|25|0.073986087
70|26|0.061806594
70|27|0.059134285
70|28|0.062260036
70|29|0.062418763
70|30|0.061275983
71|1|0.04509729
71|2|0.045248596
71|3|0.041086573
71|4|0.034587002
71|5|0.032194025
71|6|0.04042856
71|7|0.036397297
71|8|0.048488962
71|9|0.047257503
71|10|0.044210122
71|11|0.044100785
71|12|0.049625863
71|13|0.043163993
71|14|0.041631504
71|15|0.04350924
71|16|0.065847695
71|17|0.073744635
71|18|0.08947147
71|19|0.133122993
71|20|0.112271857
71|21|0.097949805
71|22|0.068985397
71|23|0.065986041
71|24|0.054092356
71|25|0.053200351
71|26|0.038686086
71|27|0.054822459
71|28|0.052468758
71|29|0.065128235
71|30|0.068432322
72|1|0.04509729
72|2|0.04932058
72|3|0.054559552
72|4|0.053189063
72|5|0.06166955
72|6|0.073040123
72|7|0.065381102
72|8|0.064889844
72|9|0.056848765
72|10|0.06091236
72|11|0.066438309
72|12|0.057493439
72|13|0.061522211
72|14|0.067991
72|15|0.064140791
72|16|0.064954857
72|17|0.065750652
72|18|0.079046229
72|19|0.088613653
72|20|0.094168301
72|21|0.078110499
72|22|0.078976633
72|23|0.096051956
72|24|0.095410285
72|25|0.096869757
72|26|0.101854345
72|27|0.097771681
72|28|0.092432588
72|29|0.094290689
72|30|0.090120796
73|1|0.04509729
73|2|0.048784906
73|3|0.060601321
73|4|0.068226636
73|5|0.072206405
73|6|0.085005556
73|7|0.107313192
73|8|0.109194431
73|9|0.109332403
73|10|0.101085054
73|11|0.100087371
73|12|0.097132648
73|13|0.09601322
73|14|0.100271977
73|15|0.10747946
73|16|0.105220126
73|17|0.091829594
73|18|0.086963673
73|19|0.07352704
73|20|0.074343652
73|21|0.082985724
73|22|0.086941779
73|23|0.089159402
73|24|0.079278927
73|25|0.097136838
73|26|0.08616208
73|27|0.102320457
73|28|0.118186756
73|29|0.127896039
73|30|0.151053256
74|1|0.04509729
74|2|0.058553928
74|3|0.0609
74|4|0.06753117
74|5|0.080264013
74|6|0.08375283
74|7|0.086379909
74|8|0.085398289
74|9|0.068133619
74|10|0.066083095
74|11|0.071690801
74|12|0.081019758
74|13|0.080971931
74|14|0.096799588
74|15|0.089757483
74|16|0.109298699
74|17|0.095656254
74|18|0.086092255
74|19|0.084007899
74|20|0.086242331
74|21|0.09705095
74|22|0.096301138
74|23|0.094677774
74|24|0.107950971
74|25|0.077026764
74|26|0.065231442
74|27|0.054556471
74|28|0.040351041
74|29|0.044397132
74|30|0.04019907
75|1|0.04509729
75|2|0.058166084
75|3|0.054893326
75|4|0.076070126
75|5|0.073410999
75|6|0.072107001
75|7|0.076849308
75|8|0.077744003
75|9|0.07509836
75|10|0.064070645
75|11|0.052952012
75|12|0.048017994
75|13|0.042425685
75|14|0.042854546
75|15|0.033779546
75|16|0.044386912
75|17|0.042810635
75|18|0.039666749
75|19|0.03283012
75|20|0.032507983
75|21|0.040869253
75|22|0.047247269
75|23|0.049807209
75|24|0.052175372
75|25|0.0599557
75|26|0.067741956
75|27|0.055561034
75|28|0.055552815
75|29|0.076960346
75|30|0.085355574
76|1|0.04509729
76|2|0.038632072
76|3|0.035721432
76|4|0.031672898
76|5|0.0353266
76|6|0.034553437
76|7|0.030666572
76|8|0.036648767
76|9|0.034853512
76|10|0.029892107
76|11|0.03849755
76|12|0.047708851
76|13|0.052164088
76|14|0.051837925
76|15|0.048607744
76|16|0.047236012
76|17|0.052144599
76|18|0.050806433
76|19|0.062979558
76|20|0.072930323
76|21|0.069743393
76|22|0.074830864
76|23|0.068882008
76|24|0.081447125
76|25|0.078455249
76|26|0.076556693
76|27|0.072010709
76|28|0.067232592
76|29|0.077939183
76|30|0.063604441
77|1|0.04509729
77|2|0.050020337
77|3|0.055561034
77|4|0.072047983
77|5|0.066656217
77|6|0.067654126
77|7|0.073384062
77|8|0.083030473
77|9|0.081834013
77|10|0.087151345
77|11|0.09701848
77|12|0.093034703
77|13|0.084254667
77|14|0.095045045
77|15|0.088201563
77|16|0.089384838
77|17|0.087553851
77|18|0.093303409
77|19|0.084239048
77|20|0.075826366
77|21|0.068833416
77|22|0.073637907
77|23|0.066515762
77|24|0.060032917
77|25|0.056274174
77|26|0.040233747
77|27|0.038712585
77|28|0.043702316
77|29|0.032432792
77|30|0.037452251
78|1|0.04509729
78|2|0.047267736
78|3|0.055393574
78|4|0.058398576
78|5|0.052028694
78|6|0.058365655
78|7|0.061737555
78|8|0.066376349
78|9|0.077513547
78|10|0.076434263
78|11|0.086659262
78|12|0.088701298
78|13|0.088343438
78|14|0.094575242
78|15|0.080123704
78|16|0.076946855
78|17|0.061523242
78|18|0.04699861
78|19|0.059834218
78|20|0.064856823
78|21|0.04999267
78|22|0.064869206
78|23|0.051227786
78|24|0.05522099
78|25|0.058586852
78|26|0.042701371
78|27|0.050835136
78|28|0.050387213
78|29|0.063321881
78|30|0.059874368
79|1|0.04509729
79|2|0.039554592
79|3|0.046510586
79|4|0.049230438
79|5|0.041194732
79|6|0.047493911
79|7|0.051636919
79|8|0.04892931
79|9|0.053372769
79|10|0.058985065
79|11|0.060460236
79|12|0.057031763
79|13|0.05910547
79|14|0.068426121
79|15|0.074881665
79|16|0.089194886
79|17|0.074212019
79|18|0.077954757
79|19|0.06506012
79|20|0.073713549
79|21|0.079471129
79|22|0.09202918
79|23|0.084959725
79|24|0.069926469
79|25|0.080491644
79|26|0.073160288
79|27|0.058886276
79|28|0.054061556
79|29|0.076586783
79|30|0.072820529
80|1|0.04509729
80|2|0.042757534
80|3|0.034635826
80|4|0.030084935
80|5|0.028964756
80|6|0.025486352
80|7|0.027126508
80|8|0.026564108
80|9|0.03112144
80|10|0.031652584
80|11|0.032198089
80|12|0.039238544
80|13|0.041643751
80|14|0.037005154
80|15|0.036611096
80|16|0.042500219
80|17|0.065208736
80|18|0.084687881
80|19|0.099947879
80|20|0.103398983
80|21|0.095675095
80|22|0.10725216
80|23|0.103723589
80|24|0.094856693
80|25|0.104712409
80|26|0.134308072
80|27|0.138665062
80|28|0.096227846
80|29|0.141817268
80|30|0.18263015
81|1|0.04509729
81|2|0.047943263
81|3|0.06907018
81|4|0.067169576
81|5|0.071416484
81|6|0.074452487
81|7|0.073660703
81|8|0.052033822
81|9|0.046922892
81|10|0.050323672
81|11|0.050082845
81|12|0.06172519
81|13|0.066910298
81|14|0.071858514
81|15|0.065245892
81|16|0.074059668
81|17|0.069112572
81|18|0.077999402
81|19|0.061727251
81|20|0.063824122
81|21|0.073512535
81|22|0.073269064
81|23|0.077709744
81|24|0.064460603
81|25|0.051012486
81|26|0.050752104
81|27|0.049271411
81|28|0.052818619
81|29|0.055844617
81|30|0.066570497
82|1|0.04509729
82|2|0.042978115
82|3|0.058554957
82|4|0.050195569
82|5|0.048426501
82|6|0.055279544
82|7|0.056032666
82|8|0.065367684
82|9|0.076965535
82|10|0.074006814
82|11|0.078327519
82|12|0.07728623
82|13|0.077320482
82|14|0.082455049
82|15|0.092771257
82|16|0.086419517
82|17|0.079295549
82|18|0.068026137
82|19|0.073113672
82|20|0.062770274
82|21|0.046239511
82|22|0.046680409
82|23|0.047792786
82|24|0.058340965
82|25|0.049939387
82|26|0.052542624
82|27|0.051513863
82|28|0.049134154
82|29|0.042675843
82|30|0.045745529
83|1|0.04509729
83|2|0.046002221
83|3|0.060347992
83|4|0.065090049
83|5|0.065900348
83|6|0.060053509
83|7|0.066353631
83|8|0.091597637
83|9|0.12781214
83|10|0.075376259
83|11|0.101425062
83|12|0.05982907
83|13|0.07236898
83|14|0.062198197
83|15|0.04609427
83|16|0.054361366
83|17|0.050535827
83|18|0.047858299
83|19|0.050503029
83|20|0.049059384
83|21|0.049256046
83|22|0.056638029
83|23|0.051221635
83|24|0.063272385
83|25|0.070983859
83|26|0.076408325
83|27|0.082329163
83|28|0.076907421
83|29|0.070020599
83|30|0.064743314
84|1|0.04509729
84|2|0.049577711
84|3|0.052518002
84|4|0.052411309
84|5|0.052621623
84|6|0.067340034
84|7|0.075638637
84|8|0.069544819
84|9|0.070034046
84|10|0.073487669
84|11|0.059985557
84|12|0.060741386
84|13|0.067283213
84|14|0.057973731
84|15|0.059986587
84|16|0.052444137
84|17|0.05603061
84|18|0.048704004
84|19|0.051029914
84|20|0.052551858
84|21|0.053604735
84|22|0.051789723
84|23|0.063202268
84|24|0.064631876
84|25|0.077527042
84|26|0.081374332
84|27|0.089419281
84|28|0.102586102
84|29|0.125930027
84|30|0.124934936
85|1|0.04509729
85|2|0.047202242
85|3|0.050885366
85|4|0.050430259
85|5|0.049637132
85|6|0.050307274
85|7|0.039433265
85|8|0.042687076
85|9|0.046465575
85|10|0.054464051
85|11|0.061365611
85|12|0.052385662
85|13|0.043740116
85|14|0.043156844
85|15|0.040496902
85|16|0.048521729
85|17|0.04224804
85|18|0.044277566
85|19|0.04137841
85|20|0.030778249
85|21|0.049651476
85|22|0.059796127
85|23|0.061481
85|24|0.066929924
85|25|0.061767437
85|26|0.059470842
85|27|0.080104997
85|28|0.066588054
85|29|0.067337968
85|30|0.056274174
86|1|0.04509729
86|2|0.049713973
86|3|0.049105475
86|4|0.042397097
86|5|0.052589818
86|6|0.042629894
86|7|0.047117308
86|8|0.039469968
86|9|0.04184278
86|10|0.045338567
86|11|0.037159947
86|12|0.03839157
86|13|0.042937265
86|14|0.050194544
86|15|0.053952731
86|16|0.049919918
86|17|0.046079951
86|18|0.046219054
86|19|0.04885045
86|20|0.055942236
86|21|0.053569836
86|22|0.047657673
86|23|0.050392338
86|24|0.058267925
86|25|0.056896055
86|26|0.062325999
86|27|0.05850763
86|28|0.064301723
86|29|0.064963113
86|30|0.088380995
87|1|0.04509729
87|2|0.042680949
87|3|0.044041521
87|4|0.040488742
87|5|0.048006733
87|6|0.047391567
87|7|0.0453948
87|8|0.05377
87|9|0.057069803
87|10|0.087269169
87|11|0.084155748
87|12|0.097159882
87|13|0.083641442
87|14|0.087331734
87|15|0.087448525
87|16|0.074940762
87|17|0.069948191
87|18|0.076778745
87|19|0.079836879
87|20|0.074595537
87|21|0.074948019
87|22|0.075007117
87|23|0.08957585
87|24|0.080453184
87|25|0.072580243
87|26|0.07417989
87|27|0.079995875
87|28|0.085101389
87|29|0.093344188
87|30|0.109810629
88|1|0.04509729
88|2|0.059683919
88|3|0.061826172
88|4|0.086693663
88|5|0.115312359
88|6|0.113717188
88|7|0.100489118
88|8|0.109681055
88|9|0.109560969
88|10|0.084275493
88|11|0.08572232
88|12|0.084403574
88|13|0.097249965
88|14|0.102721561
88|15|0.097733962
88|16|0.103062872
88|17|0.096642501
88|18|0.096040439
88|19|0.086477887
88|20|0.095945172
88|21|0.087121108
88|22|0.103404235
88|23|0.103271885
88|24|0.102001306
88|25|0.068250408
88|26|0.066928891
88|27|0.077848858
88|28|0.08007174
88|29|0.077626696
88|30|0.069136354
89|1|0.04509729
89|2|0.03912641
89|3|0.050214015
89|4|0.047375192
89|5|0.045771094
89|6|0.043874977
89|7|0.060036006
89|8|0.064682435
89|9|0.048326159
89|10|0.055779883
89|11|0.055897022
89|12|0.046299861
89|13|0.043576661
89|14|0.048525825
89|15|0.039752401
89|16|0.034369345
89|17|0.038671818
89|18|0.043229361
89|19|0.052437981
89|20|0.049023536
89|21|0.055034041
89|22|0.05924029
89|23|0.071789149
89|24|0.059182656
89|25|0.048472579
89|26|0.061738586
89|27|0.058863638
89|28|0.054042049
89|29|0.038294766
89|30|0.038561753
90|1|0.04509729
90|2|0.050071573
90|3|0.04418151
90|4|0.043884172
90|5|0.036185557
90|6|0.035149561
90|7|0.039602513
90|8|0.047186892
90|9|0.055651448
90|10|0.051331344
90|11|0.062050822
90|12|0.065215961
90|13|0.062140482
90|14|0.055747003
90|15|0.06402629
90|16|0.05905813
90|17|0.052474914
90|18|0.05639648
90|19|0.062997085
90|20|0.059401879
90|21|0.061726221
90|22|0.062237361
90|23|0.060514815
90|24|0.066546744
90|25|0.070531662
90|26|0.05975289
90|27|0.053406639
90|28|0.049951683
90|29|0.051959974
90|30|0.044810043
91|1|0.04509729
91|2|0.064374971
91|3|0.059164131
91|4|0.060727997
91|5|0.068373405
91|6|0.060121463
91|7|0.080945939
91|8|0.080458381
91|9|0.081498082
91|10|0.089085306
91|11|0.085174308
91|12|0.067751256
91|13|0.06190964
91|14|0.055892912
91|15|0.05841195
91|16|0.066626266
91|17|0.046689617
91|18|0.033638222
91|19|0.032868739
91|20|0.040792737
91|21|0.040115439
91|22|0.040928427
91|23|0.033184833
91|24|0.029955028
91|25|0.031636333
91|26|0.030972175
91|27|0.030527492
91|28|0.039589258
91|29|0.042897437
91|30|0.057976816
92|1|0.04509729
92|2|0.051026838
92|3|0.042047952
92|4|0.039295633
92|5|0.034483256
92|6|0.033105551
92|7|0.028772033
92|8|0.027064687
92|9|0.035062064
92|10|0.031852687
92|11|0.035174997
92|12|0.035364248
92|13|0.048291347
92|14|0.044343991
92|15|0.046386808
92|16|0.050069523
92|17|0.048314896
92|18|0.052580584
92|19|0.061692218
92|20|0.060139996
92|21|0.063211548
92|22|0.056313228
92|23|0.060413896
92|24|0.059929962
92|25|0.062452778
92|26|0.057944931
92|27|0.039238544
92|28|0.031503281
92|29|0.043398918
92|30|0.041377389
93|1|0.04509729
93|2|0.051713832
93|3|0.046806251
93|4|0.034524957
93|5|0.04041734
93|6|0.04713061
93|7|0.052065619
93|8|0.097706721
93|9|0.084388996
93|10|0.073305324
93|11|0.071095629
93|12|0.079059733
93|13|0.058226776
93|14|0.065557611
93|15|0.070177836
93|16|0.067390657
93|17|0.0667564
93|18|0.049706801
93|19|0.057966531
93|20|0.057545885
93|21|0.046641533
93|22|0.045528745
93|23|0.053386112
93|24|0.044828442
93|25|0.04646046
93|26|0.045744506
93|27|0.048210464
93|28|0.055616515
93|29|0.057620958
93|30|0.051291356
94|1|0.04509729
94|2|0.049002027
94|3|0.055666859
94|4|0.057755683
94|5|0.050169949
94|6|0.051625638
94|7|0.052569299
94|8|0.058452074
94|9|0.056541406
94|10|0.05958098
94|11|0.055148058
94|12|0.07313957
94|13|0.073019406
94|14|0.070527524
94|15|0.06289811
94|16|0.053110043
94|17|0.066857621
94|18|0.061028754
94|19|0.071339888
94|20|0.065139587
94|21|0.041501892
94|22|0.05048663
94|23|0.051371332
94|24|0.059622155
94|25|0.049878932
94|26|0.048130607
94|27|0.041805014
94|28|0.041281467
94|29|0.044019042
94|30|0.038815524
95|1|0.04509729
95|2|0.043953649
95|3|0.038773736
95|4|0.027461995
95|5|0.029766271
95|6|0.037631524
95|7|0.03859946
95|8|0.032590291
95|9|0.029313732
95|10|0.029645517
95|11|0.034551403
95|12|0.022475892
95|13|0.018605748
95|14|0.015235593
95|15|0.018082009
95|16|0.021059726
95|17|0.022973451
95|18|0.025901585
95|19|0.024215853
95|20|0.019756629
95|21|0.02908547
95|22|0.025471162
95|23|0.032145259
95|24|0.030559977
95|25|0.029677988
95|26|0.030790433
95|27|0.028477911
95|28|0.036029819
95|29|0.036317892
95|30|0.030444252
96|1|0.04509729
96|2|0.049906598
96|3|0.053948624
96|4|0.055010417
96|5|0.043239575
96|6|0.043160929
96|7|0.028919109
96|8|0.031450469
96|9|0.037655972
96|10|0.042257228
96|11|0.049433263
96|12|0.051307761
96|13|0.057308345
96|14|0.065280984
96|15|0.061629365
96|16|0.057889389
96|17|0.07199932
96|18|0.081292182
96|19|0.07168666
96|20|0.070611333
96|21|0.063416751
96|22|0.062952752
96|23|0.066135754
96|24|0.059438933
96|25|0.063039357
96|26|0.067490875
96|27|0.071565542
96|28|0.0601853
96|29|0.04658322
96|30|0.029711474
97|1|0.04509729
97|2|0.046362258
97|3|0.05493441
97|4|0.063569377
97|5|0.062498131
97|6|0.067034252
97|7|0.057616844
97|8|0.051045292
97|9|0.055405902
97|10|0.056367701
97|11|0.058580679
97|12|0.059021083
97|13|0.057054381
97|14|0.060241932
97|15|0.057627128
97|16|0.074635966
97|17|0.073843078
97|18|0.074707496
97|19|0.097323291
97|20|0.110510247
97|21|0.126480804
97|22|0.110591392
97|23|0.093264722
97|24|0.085070139
97|25|0.078433441
97|26|0.106756601
97|27|0.164484867
97|28|0.111449388
97|29|0.100896184
97|30|0.081880818
98|1|0.04509729
98|2|0.047910506
98|3|0.054971386
98|4|0.053384059
98|5|0.045516475
98|6|0.056285479
98|7|0.060171915
98|8|0.058398576
98|9|0.062675432
98|10|0.077345392
98|11|0.082357252
98|12|0.102951546
98|13|0.102320457
98|14|0.103557604
98|15|0.103182606
98|16|0.095824785
98|17|0.089015386
98|18|0.087357802
98|19|0.072070762
98|20|0.06089691
98|21|0.056005947
98|22|0.0454858
98|23|0.041764187
98|24|0.041864215
98|25|0.053756655
98|26|0.057861619
98|27|0.052967404
98|28|0.052386688
98|29|0.050495854
98|30|0.055844617
99|1|0.04509729
99|2|0.041861153
99|3|0.048091704
99|4|0.051340572
99|5|0.058560102
99|6|0.067467111
99|7|0.076602346
99|8|0.105520816
99|9|0.100619203
99|10|0.096189107
99|11|0.080276485
99|12|0.089021648
99|13|0.078965207
99|14|0.077083844
99|15|0.065755814
99|16|0.068937837
99|17|0.088129585
99|18|0.08164576
99|19|0.082030603
99|20|0.085046181
99|21|0.080698508
99|22|0.068924397
99|23|0.060498338
99|24|0.057185986
99|25|0.054479454
99|26|0.054965223
99|27|0.048968229
99|28|0.050582975
99|29|0.042710561
99|30|0.036713931
100|1|0.04509729
100|2|0.045589074
100|3|0.036268011
100|4|0.038898082
100|5|0.033660589
100|6|0.035675635
100|7|0.036362684
100|8|0.03711921
100|9|0.041341673
100|10|0.040902921
100|11|0.044776312
100|12|0.044171291
100|13|0.04600529
100|14|0.051943563
100|15|0.050507128
100|16|0.06088867
100|17|0.060526143
100|18|0.054887164
100|19|0.05385931
100|20|0.055704876
100|21|0.043444885
100|22|0.038737045
100|23|0.040738668
100|24|0.05060245
100|25|0.034016462
100|26|0.047387473
100|27|0.058366684
100|28|0.051461566
100|29|0.055404874
100|30|0.049891228
